batch_size,worker_num,batch_idx,batch_time,avg_batch,data_time,avg_data,train_time,avg_train
512,0,1,5.439960479736328,5.439960479736328,4.697601318359375,4.697601318359375,0.7423591613769531,0.7423591613769531
512,0,2,4.810420751571655,5.125190615653992,4.36814546585083,4.5328733921051025,0.4422752857208252,0.5923172235488892
512,0,3,4.151374816894531,4.800585349400838,4.008098363876343,4.357948382695516,0.14327645301818848,0.44263696670532227
512,0,4,4.366353750228882,4.692027449607849,4.222870588302612,4.32417893409729,0.14348316192626953,0.3678485155105591
512,0,5,4.211644887924194,4.595950937271118,4.067453622817993,4.2728338718414305,0.14419126510620117,0.3231170654296875
512,0,6,4.389014720916748,4.561461567878723,4.244676351547241,4.268140951792399,0.14433836936950684,0.29332061608632404
512,0,7,4.308969497680664,4.525391272136143,4.173388957977295,4.2546049526759555,0.13558053970336914,0.27078631946018766
512,0,8,4.231647491455078,4.48867329955101,4.087682247161865,4.233739614486694,0.1439652442932129,0.2549336850643158
512,0,9,4.227400541305542,4.459642993079291,4.0829761028289795,4.216988113191393,0.1444244384765625,0.24265487988789877
512,0,10,4.052944183349609,4.418973112106323,3.907646656036377,4.186053967475891,0.14529752731323242,0.23291914463043212
512,0,11,4.16425347328186,4.3958167813041,4.019623756408691,4.170923948287964,0.14462971687316895,0.22489283301613547
512,0,12,4.214252710342407,4.380686442057292,4.06840181350708,4.162380437056224,0.14585089683532715,0.21830600500106812
512,0,13,4.20540452003479,4.367203217286329,4.053127765655518,4.153976385410015,0.15227675437927246,0.2132268318763146
512,0,14,4.1867077350616455,4.354310682841709,4.0413713455200195,4.145933168275016,0.14533638954162598,0.20837751456669398
512,0,15,4.201007127761841,4.344090445836385,4.056069374084473,4.1399422486623125,0.14493775367736816,0.20414819717407226
512,0,16,4.2693030834198,4.3394162356853485,4.123152494430542,4.138892889022827,0.1461505889892578,0.20052334666252136
512,0,17,4.2452943325042725,4.333879653145286,4.10022759437561,4.136618459925932,0.1450667381286621,0.19726119321935318
512,0,18,4.271352291107178,4.330405910809835,4.126658916473389,4.1360651519563465,0.14469337463378906,0.1943407588534885
512,0,19,4.2655510902404785,4.326992499200921,4.120760202407837,4.135259628295898,0.1447908878326416,0.19173287090502286
512,0,20,4.1954169273376465,4.320413720607757,4.050659894943237,4.131029641628265,0.14475703239440918,0.1893840789794922
512,0,21,4.1439666748046875,4.312011480331421,3.998145341873169,4.124701817830403,0.14582133293151855,0.18730966250101724
512,0,22,4.124419212341309,4.303484559059143,3.9797117710113525,4.11811136115681,0.14470744132995605,0.18537319790233264
512,0,23,3.867637872695923,4.284534703130308,3.7231767177581787,4.100940289704696,0.14446115493774414,0.18359441342561142
512,0,24,4.066765785217285,4.275460998217265,3.9129161834716797,4.093105951944987,0.15384960174560547,0.18235504627227783
512,0,25,4.032362699508667,4.265737066268922,3.888364553451538,4.084916296005249,0.1439981460571289,0.18082077026367188
512,0,26,3.991656541824341,4.255195507636437,3.8471856117248535,4.075772808148311,0.1444709300994873,0.1794226994881263
512,0,27,3.949615955352783,4.243877746440746,3.805288791656494,4.065754881611577,0.14432716369628906,0.1781228648291694
512,0,28,4.217252969741821,4.242926861558641,4.073316335678101,4.066024933542524,0.1439366340637207,0.17690192801611765
512,0,29,4.200026512145996,4.241447539165102,4.064796686172485,4.0659825801849365,0.13522982597351074,0.17546495898016568
512,0,30,4.142623424530029,4.2381534020105995,3.9982264041900635,4.063724040985107,0.14439702033996582,0.17442936102549236
512,0,31,4.303844690322876,4.240272475827124,4.158492088317871,4.066781074770035,0.14535260200500488,0.17349140105708952
512,0,32,4.158991813659668,4.237732455134392,4.014547109603882,4.065148763358593,0.14444470405578613,0.1725836917757988
512,0,33,4.3193440437316895,4.240205533576734,4.175161838531494,4.068482492909287,0.1441822052001953,0.17172304066744717
512,0,34,4.3005664348602295,4.24198085420272,4.155117988586426,4.071030595723321,0.1454484462738037,0.17095025847939885
512,0,35,4.236666440963745,4.241829013824463,4.091977834701538,4.0716290882655555,0.14468860626220703,0.17019992555890764
512,0,36,4.232160806655884,4.241560452514225,4.088064670562744,4.072085632218255,0.14409613609313965,0.16947482029596964
512,0,37,4.16234564781189,4.239419511846593,4.0182785987854,4.070631388071421,0.14406704902648926,0.16878812377517288
512,0,38,4.209722280502319,4.238638005758586,4.065168857574463,4.07048763726887,0.14455342292785645,0.16815036848971718
512,0,39,4.182498931884766,4.237198542325924,4.03588342666626,4.06960034981752,0.14661550521850586,0.16759819250840408
512,0,40,4.222764730453491,4.236837697029114,4.079021215438843,4.069835871458054,0.14374351501464844,0.1670018255710602
512,0,41,4.1395838260650635,4.234465651395844,3.995124578475952,4.0680136447999535,0.14445924758911133,0.16645200659589068
512,0,42,4.072294473648071,4.2306044328780406,3.9285151958465576,4.064692253158206,0.14377927780151367,0.1659121797198341
512,0,43,4.072349548339844,4.226924086725989,3.927926540374756,4.061511655186498,0.1444230079650879,0.16541243153949117
512,0,44,4.006353855133057,4.221911126917059,3.860839366912842,4.0569509213620965,0.14551448822021484,0.16496020555496216
512,0,45,4.1197662353515625,4.219641240437825,3.974963665008545,4.055128982332017,0.14480257034301758,0.16451225810580783
512,0,46,4.080266714096069,4.216611359430396,3.936141014099121,4.052542287370433,0.14412569999694824,0.16406907205996307
512,0,47,4.088925123214722,4.213894631000276,3.944763422012329,4.0502491200223885,0.14416170120239258,0.1636455109778871
512,0,48,4.059136152267456,4.210670496026674,3.914886236190796,4.047429059942563,0.14424991607666016,0.16324143608411154
512,0,49,4.20669960975647,4.2105894575313645,4.062033176422119,4.047727103136023,0.14466643333435059,0.1628623543953409
512,0,50,4.213713884353638,4.21065194606781,4.068511486053467,4.048142790794373,0.1452023983001709,0.1625091552734375
512,0,51,4.164760589599609,4.209752115548826,4.020136117935181,4.047593640346153,0.1446244716644287,0.16215847520267263
512,0,52,4.147500991821289,4.208554978554066,4.0017335414886475,4.046711715368124,0.1457674503326416,0.16184326318594125
512,0,53,4.171030759811401,4.207846974426846,4.026663541793823,4.046333447942194,0.14436721801757812,0.1615135264846514
512,0,54,4.081508159637451,4.20550736674556,3.9374523162841797,4.044317130689268,0.14405584335327148,0.16119023605629249
512,0,55,4.122223854064941,4.203993121060458,3.977515459060669,4.043102554841475,0.14470839500427246,0.16089056621898304
512,0,56,4.15763521194458,4.203165301254817,4.012884616851807,4.042562948805945,0.14475059509277344,0.16060235244887217
512,0,57,4.169220209121704,4.202569773322658,4.024529933929443,4.042246580123901,0.14469027519226074,0.16032319319875618
512,0,58,4.178512811660767,4.202154998121591,4.033942937850952,4.0421034138778165,0.14456987380981445,0.16005158424377441
512,0,59,4.246937036514282,4.202914015721467,4.102581739425659,4.043128470243034,0.14435529708862305,0.15978554547843288
512,0,60,3.9296233654022217,4.1983591715494795,3.7856545448303223,4.038837238152822,0.14396882057189941,0.1595219333966573
512,0,61,4.145041227340698,4.197485106890318,4.0006794929504395,4.038211701346225,0.1443617343902588,0.1592734055440934
512,0,62,4.140336275100708,4.196563351538873,3.99532413482666,4.037519966402361,0.14501214027404785,0.159043385136512
512,0,63,4.086199045181274,4.194811537152245,3.9423348903656006,4.0360090921795555,0.14386415481567383,0.1588024449726892
512,0,64,4.262130260467529,4.195863392204046,4.116953134536743,4.037273842841387,0.14517712593078613,0.15858954936265945
512,0,65,4.278788089752197,4.19713915678171,4.134346008300781,4.0387672607715315,0.14444208145141602,0.1583718960101788
512,0,66,4.308152675628662,4.1988211797945425,4.163973331451416,4.0406643224484995,0.1441793441772461,0.15815685734604346
512,0,67,4.2119059562683105,4.199016474965793,4.067617654800415,4.041066610991066,0.1442883014678955,0.1579498639747278
512,0,68,4.090321779251099,4.197418023558224,3.9458017349243164,4.03966565693126,0.14452004432678223,0.1577523666269639
512,0,69,3.9979381561279297,4.1945270109867705,3.854175090789795,4.036977387856746,0.14376306533813477,0.15754962313002435
512,0,70,4.14851713180542,4.193869726998465,4.005295276641846,4.036524786267962,0.14322185516357422,0.15734494073050362
512,0,71,4.170567274093628,4.1935415234364255,4.0276994705200195,4.03640048604616,0.1428678035736084,0.15714103739026566
512,0,72,4.186845302581787,4.1934485203689995,4.042785167694092,4.036489162180159,0.1440601348876953,0.15695935818884107
512,0,73,4.146744966506958,4.192808745658561,4.003599405288696,4.036038617565207,0.14314556121826172,0.1567701280933537
512,0,74,4.239185571670532,4.193435459523588,4.096437454223633,4.036854818060592,0.14274811744689941,0.1565806414629962
512,0,75,4.148918151855469,4.192841895421346,4.004263401031494,4.036420265833537,0.1446547508239746,0.15642162958780925
512,0,76,4.116196870803833,4.191833408255326,3.9729228019714355,4.035584772887983,0.14327406883239746,0.1562486353673433
512,0,77,4.224169492721558,4.192253357404238,4.080866575241089,4.0361728482432175,0.14330291748046875,0.15608050916102026
512,0,78,4.169036149978638,4.191955700898783,4.025710821151733,4.036038719690763,0.1433253288269043,0.15591698120801878
512,0,79,4.097137212753296,4.190755466871624,3.952915668487549,4.0349865291692035,0.14422154426574707,0.1557689377024204
512,0,80,4.166147470474243,4.1904478669166565,4.023149728775024,4.034838569164276,0.14299774169921875,0.15560929775238036
512,0,81,4.329581022262573,4.192165560192532,4.184746742248535,4.036689287350502,0.14483428001403809,0.15547627284203047
512,0,82,4.229172229766846,4.1926168610409995,4.084681272506714,4.0372745554621625,0.14449095726013184,0.15534230557883658
512,0,83,4.134705066680908,4.19191912857883,3.9904234409332275,4.036710084202778,0.14428162574768066,0.15520904437605157
512,0,84,4.160369873046875,4.1915435422034495,4.016368389129639,4.036467921166193,0.14400148391723633,0.15507562103725614
512,0,85,3.973790168762207,4.188981737810022,3.8296446800231934,4.03403470656451,0.14414548873901367,0.15494703124551212
512,0,86,4.163262844085693,4.188682680906251,4.019747257232666,4.033868573432745,0.14351558685302734,0.1548141074735065
512,0,87,4.301851511001587,4.189983472056772,4.158865928649902,4.035305324642137,0.14298558235168457,0.15467814741463498
512,0,88,4.27237343788147,4.190919721668417,4.128239870071411,4.036361399022016,0.1441335678100586,0.15455832264640115
512,0,89,4.193270683288574,4.190946136967519,4.049649715423584,4.036510705947876,0.14362096786499023,0.15443543101964372
512,0,90,4.119192838668823,4.190148878097534,3.975147008895874,4.035828887091743,0.14404582977294922,0.15431999100579155
512,0,91,4.155247449874878,4.189765345919263,4.011430025100708,4.035560767729204,0.14381742477416992,0.15420457819005945
512,0,92,4.248373031616211,4.190402385981187,4.104752779006958,4.03631285480831,0.14362025260925293,0.15408953117287677
512,0,93,4.124262809753418,4.189691207742179,3.9812283515930176,4.035720548322124,0.1430344581604004,0.15397065942005445
512,0,94,4.236706733703613,4.190191372911981,4.090657711029053,4.036304986223262,0.14604902267456055,0.1538863866887194
512,0,95,4.346868276596069,4.191840603477076,4.203065395355225,4.0380603589509665,0.14380288124084473,0.1537802445261102
512,0,96,4.077582836151123,4.1906504184007645,3.9343531131744385,4.036980075140794,0.14322972297668457,0.15367034325997034
512,0,97,4.134617567062378,4.190072760139544,3.9907262325286865,4.036503231402525,0.1438913345336914,0.153569528737019
512,0,98,4.1165690422058105,4.189322722201444,3.973126173019409,4.035856526725146,0.14344286918640137,0.15346619547629842
512,0,99,4.588073492050171,4.193350507755472,4.441009044647217,4.039948976401127,0.1470644474029541,0.15340153135434545
512,0,100,4.382473945617676,4.195241742134095,4.23656439781189,4.0419151306152346,0.14590954780578613,0.15332661151885987
512,0,101,4.1310203075408936,4.194605886346043,3.9867656230926514,4.041369095887288,0.1442546844482422,0.15323679045875474
512,0,102,4.267917156219482,4.195324624285978,4.124323606491089,4.042182375403011,0.14359354972839355,0.15314224888296687
512,0,103,4.272292852401733,4.196071888636617,4.126930236816406,4.043005170174015,0.14536261558532715,0.15306671846260145
512,0,104,4.321076393127441,4.197273855025951,4.177894592285156,4.044302183848161,0.14318180084228516,0.1529716711777907
512,0,105,4.291390657424927,4.198170205524989,4.147614002227783,4.045286105927967,0.14377665519714355,0.15288409959702265
512,0,106,4.408427953720093,4.2001537691872075,4.2618207931518555,4.047328885996117,0.1466071605682373,0.15282488319109072
512,0,107,4.210718154907227,4.20025250176403,4.065521955490112,4.0474989146829765,0.14519619941711426,0.15275358708105355
512,0,108,4.121927738189697,4.199527272471675,3.9785945415496826,4.0468609112280385,0.14333319664001465,0.15266636124363653
512,0,109,4.210753440856934,4.199630264842182,4.06750750541687,4.047050329523349,0.14324593544006348,0.1525799353188331
512,0,110,4.11606240272522,4.1988705570047555,3.9724767208099365,4.046372387625954,0.1435856819152832,0.1524981693788008
512,0,111,4.070299863815308,4.197712262471517,3.9245657920837402,4.045275030909358,0.14573407173156738,0.15243723156215908
512,0,112,4.1677210330963135,4.19744448363781,4.024145603179932,4.04508637530463,0.14357542991638184,0.15235810833317892
512,0,113,4.152894020080566,4.197050231747922,4.009160995483398,4.044768451589398,0.14373302459716797,0.15228178015852398
512,0,114,4.065357446670532,4.195895031878823,3.920586347579956,4.043679134887562,0.14477109909057617,0.15221589699126126
512,0,115,4.082663536071777,4.194910410176153,3.9459872245788574,4.042829640015312,0.13667631149291992,0.1520807701608409
512,0,116,4.253335952758789,4.195414078646692,4.107747316360474,4.043389275156218,0.14558863639831543,0.15202480349047431
512,0,117,4.365423202514648,4.196867148081461,4.220348596572876,4.044901747988839,0.14507460594177246,0.15196540009262216
512,0,118,4.095856666564941,4.19601112705166,3.9508326053619385,4.044104551864883,0.14502406120300293,0.15190657518677791
512,0,119,4.343711614608765,4.197252307619367,4.200291395187378,4.045417046346584,0.14342021942138672,0.15183526127278305
512,0,120,4.124060869216919,4.196642378966014,3.979926824569702,4.044871294498444,0.1441340446472168,0.15177108446756998
512,0,121,4.216663599014282,4.196807843594511,4.072383642196655,4.045098669272809,0.14427995681762695,0.1517091743217027
512,0,122,4.316217660903931,4.197786612588851,4.170083999633789,4.046123139193801,0.1461336612701416,0.15166347339505054
512,0,123,4.28020977973938,4.198456719638855,4.135904312133789,4.046853067429085,0.14430546760559082,0.1516036522097704
512,0,124,4.173901081085205,4.198258690295681,4.030709266662598,4.04672287548742,0.14319181442260742,0.151535814808261
512,0,125,4.277093410491943,4.198889368057251,4.133936166763306,4.047420581817627,0.1431572437286377,0.15146878623962404
512,0,126,4.070095062255859,4.197867191027081,3.923501968383789,4.046437100758628,0.1465930938720703,0.15143009026845297
512,0,127,4.1460301876068115,4.197459025645819,4.00240683555603,4.046090405757033,0.14362335205078125,0.15136861988878625
512,0,128,4.315782070159912,4.198383424431086,4.170962333679199,4.047065967693925,0.1448197364807129,0.15131745673716068
512,0,129,4.185770034790039,4.198285646216814,4.052185535430908,4.047105654265529,0.13358449935913086,0.15117999195128448
512,0,130,4.2749924659729,4.198875698676476,4.130808353424072,4.0477495211821335,0.14418411254882812,0.1511261774943425
512,0,131,4.260058403015137,4.199342742221046,4.116542100906372,4.048274655378502,0.14351630210876465,0.15106808684254422
512,0,132,4.225811004638672,4.199543259360574,4.082152843475342,4.04853130831863,0.14365816116333008,0.1510119510419441
512,0,133,4.144909143447876,4.199132476534162,4.001614570617676,4.048178550892306,0.1432945728302002,0.1509539256418558
512,0,134,4.171801567077637,4.198928514523293,4.0285046100616455,4.048031730438346,0.1432969570159912,0.15089678408494636
512,0,135,4.236223220825195,4.199204771607011,4.090624094009399,4.048347229427762,0.1455991268157959,0.15085754217924896
512,0,136,4.215493679046631,4.199324542985242,4.071552753448486,4.048517858280855,0.14394092559814453,0.15080668470438788
512,0,137,4.292829275131226,4.200007059278279,4.149235010147095,4.049253019973309,0.14359426498413086,0.15075403930496994
512,0,138,4.2675628662109375,4.200496594111125,4.1232850551605225,4.049789483996405,0.14427781105041504,0.15070711011471954
512,0,139,4.2907750606536865,4.201146079481934,4.1470115184783936,4.050488923093398,0.14376354217529297,0.15065715638853663
512,0,140,4.125978946685791,4.200609171390533,3.982175588607788,4.050000970704215,0.14380335807800293,0.15060820068631853
512,0,141,4.334140777587891,4.2015562040586,4.1912150382995605,4.051002488914111,0.14292573928833008,0.15055371514448884
512,0,142,4.255480527877808,4.20193595281789,4.112404823303223,4.051434899719668,0.14307570457458496,0.1505010530982219
512,0,143,4.226795673370361,4.202109797017558,4.083549976348877,4.051659480675117,0.14324569702148438,0.15045031634244052
512,0,144,4.302138566970825,4.2028044412533445,4.158612966537476,4.052402213215828,0.1435256004333496,0.15040222803751627
512,0,145,4.1666178703308105,4.202554878695258,4.02191948890686,4.0521919875309385,0.1446983814239502,0.15036289116431928
512,0,146,4.282063245773315,4.203099456551957,4.138689756393433,4.0527844380025995,0.1433734893798828,0.1503150185493574
512,0,147,4.16951060295105,4.202870960949229,4.025794267654419,4.052600831401591,0.14371633529663086,0.15027012954763816
512,0,148,4.1546385288238525,4.202545066137572,4.011167287826538,4.052320875026084,0.14347124099731445,0.1502241911114873
512,0,149,4.334678649902344,4.203431868713174,4.191230297088623,4.053253153026504,0.1434483528137207,0.15017871568667007
512,0,150,4.15001916885376,4.203075784047445,4.006365060806274,4.052940565745036,0.14365410804748535,0.15013521830240886
512,0,151,4.247515678405762,4.2033700879835925,4.103822708129883,4.053277533575399,0.1436929702758789,0.1500925544081934
512,0,152,4.1825337409973145,4.20323300675342,4.039742469787598,4.053188487103111,0.1427912712097168,0.1500445196503087
512,0,153,4.280448913574219,4.203737685882967,4.136783599853516,4.053734860389061,0.14366531372070312,0.15000282549390606
512,0,154,4.237100839614868,4.2039543297383695,4.093836069107056,4.053995257848269,0.1432647705078125,0.14995907189010024
512,0,155,4.303919076919556,4.204599263591151,4.159796476364136,4.0546778463548225,0.14412260055541992,0.14992141723632812
512,0,156,4.210960626602173,4.20464004155917,4.067765951156616,4.054761744462526,0.14319467544555664,0.1498782970966437
512,0,157,4.4601030349731445,4.2062671943834635,4.316620588302612,4.056429635187623,0.14348244667053223,0.14983755919584044
512,0,158,4.30661678314209,4.206902318362948,4.164008617401123,4.057110514821885,0.1426081657409668,0.14979180354106275
512,0,159,4.220246076583862,4.206986241370626,4.0774760246276855,4.057238599789217,0.14277005195617676,0.14974764158140938
512,0,160,4.372619152069092,4.208021447062492,4.229811191558838,4.058317178487778,0.1428079605102539,0.14970426857471467
512,0,161,4.260751962661743,4.208348965792923,4.116979122161865,4.058681538386375,0.14377284049987793,0.14966742740654798
512,0,162,4.224090099334717,4.208446133283921,4.081188440322876,4.05882046987981,0.14290165901184082,0.14962566340411151
512,0,163,4.352566480636597,4.20933030719406,4.205942630767822,4.059723059823908,0.14662384986877441,0.14960724737015238
512,0,164,4.4372711181640625,4.2107201901877795,4.2927186489105225,4.061143764635411,0.14455246925354004,0.14957642555236816
512,0,165,4.179490804672241,4.210530921184655,4.035140037536621,4.060986166289358,0.14435076713562012,0.14954475489529698
512,0,166,4.144654750823975,4.210134076784892,4.000572919845581,4.060622231069818,0.14408183097839355,0.14951184571507464
512,0,167,4.1680214405059814,4.209881905310168,4.025081396102905,4.060409411698759,0.14294004440307617,0.14947249361141
512,0,168,4.28118896484375,4.210306352093106,4.136841297149658,4.0608643633978705,0.1443476676940918,0.14944198869523548
512,0,169,4.25249719619751,4.210556002058222,4.107892751693726,4.061142637884829,0.14460444450378418,0.14941336417339257
512,0,170,4.217719554901123,4.210598140604356,4.072100400924683,4.061207095314475,0.14561915397644043,0.1493910452898811
512,0,171,4.119632244110107,4.210066176297372,3.9759740829467773,4.060708656645658,0.14365816116333008,0.14935751965171412
512,0,172,4.05289888381958,4.209152412969012,3.909900426864624,4.059831864612047,0.14299845695495605,0.14932054835696554
512,0,173,4.066061496734619,4.208325297846271,3.9226908683776855,4.0590391420904615,0.1433706283569336,0.14928615575580928
512,0,174,4.112893342971802,4.207776838335498,3.968871831893921,4.0585209391582975,0.14402151107788086,0.1492558991772005
512,0,175,4.425666332244873,4.209021921157837,4.2817230224609375,4.059796379634312,0.14394330978393555,0.14922554152352469
512,0,176,4.319406509399414,4.209649106318301,4.176019906997681,4.0604567405852405,0.1433866024017334,0.14919236573305997
512,0,177,4.202743291854858,4.209610090417377,4.059018611907959,4.060448615564465,0.14372467994689941,0.14916147485291217
512,0,178,4.200026988983154,4.20955625276887,4.0558085441589355,4.06042254774758,0.14421844482421875,0.1491337050212903
512,0,179,4.076174020767212,4.208811100634782,3.9323220252990723,4.059706902370772,0.14385199546813965,0.1491041982640101
512,0,180,4.2584803104400635,4.209087040689256,4.11401104927063,4.060008592075771,0.1444692611694336,0.1490784486134847
512,0,181,4.057945728302002,4.208252005814189,3.913748264312744,4.059200523966584,0.1441974639892578,0.149051481847605
512,0,182,4.044526100158691,4.207352412925971,3.899825096130371,4.058324834802648,0.1447010040283203,0.1490275781233232
512,0,183,4.081507921218872,4.2066647381079,3.9363880157470703,4.057658513387044,0.14511990547180176,0.14900622472085587
512,0,184,4.024784564971924,4.205676258906075,3.8801496028900146,4.056693791047387,0.14463496208190918,0.14898246785868768
512,0,185,3.959348678588867,4.204344758471928,3.816094398498535,4.055393253790366,0.14325428009033203,0.14895150468156143
512,0,186,4.350961685180664,4.205133021518749,4.204903841018677,4.056197074151808,0.1460578441619873,0.14893594736694007
512,0,187,4.2570600509643555,4.205410706168189,4.11377739906311,4.056504990327804,0.14328265190124512,0.14890571584038556
512,0,188,4.064771890640259,4.2046626273621905,3.921429395675659,4.055786503122208,0.1433424949645996,0.14887612423998245
512,0,189,4.184820652008057,4.204557643365607,4.040777921676636,4.055707092638369,0.1440427303314209,0.14885055072723874
512,0,190,4.103657245635986,4.2040265886407155,3.9605255126953125,4.0552061369544585,0.14313173294067383,0.14882045168625682
512,0,191,4.06076717376709,4.203276539348183,3.9166994094848633,4.054480970842052,0.14406776428222656,0.148795568506131
512,0,192,4.030246257781982,4.202375339965025,3.8862099647521973,4.053604559352,0.14403629302978516,0.14877078061302504
512,0,193,4.084097146987915,4.201762499586906,3.939610242843628,4.053013915225014,0.1444869041442871,0.14874858436189167
512,0,194,4.18567967414856,4.201679598424852,4.042375564575195,4.052959078365994,0.14330410957336426,0.14872052005885802
512,0,195,4.079884052276611,4.2010550058805025,3.9368884563446045,4.05236384440691,0.14299559593200684,0.14869116147359213
512,0,196,4.177051544189453,4.200932539239222,4.033775091171265,4.052269003829178,0.14327645301818848,0.14866353541004415
512,0,197,4.077221155166626,4.2003045626703255,3.9339966773986816,4.051668636689937,0.14322447776794434,0.14863592598038883
512,0,198,4.177159070968628,4.200187666247589,4.0334813594818115,4.051576781754542,0.1436777114868164,0.14861088449304755
512,0,199,4.469960689544678,4.201543309580741,4.327357769012451,4.052962615861365,0.14260292053222656,0.14858069371937507
512,0,200,4.224508047103882,4.2016581332683565,4.081225633621216,4.053103930950165,0.14328241348266602,0.14855420231819152
512,0,201,4.183934211730957,4.20156995455424,4.040910959243774,4.053043269399387,0.14302325248718262,0.14852668515485318
512,0,202,4.152629852294922,4.201327676820283,4.0095884799957275,4.052828146679567,0.14304137229919434,0.14849953014071626
512,0,203,4.08367133140564,4.200748088911837,3.940014362335205,4.052272413751762,0.14365696907043457,0.14847567516007446
512,0,204,4.066680192947388,4.200090893343383,3.9234585762023926,4.051640973371618,0.14322161674499512,0.14844991997176527
512,0,205,4.072644948959351,4.199469205809803,3.925755262374878,4.051026896732609,0.14688968658447266,0.1484423090771931
512,0,206,4.476433277130127,4.20081369159291,4.33027982711792,4.052382493482052,0.14615345001220703,0.14843119811085823
512,0,207,4.117725372314453,4.200412298746155,3.973536968231201,4.052001597224802,0.14418840408325195,0.14841070152135286
512,0,208,4.050251483917236,4.199690371751785,3.9061267375946045,4.051300275784272,0.14412474632263184,0.14839009596751288
512,0,209,4.065922737121582,4.199050335222454,3.919982671737671,4.0506719618893126,0.14594006538391113,0.14837837333314158
512,0,210,4.095270872116089,4.1985561473029,3.9495553970336914,4.050190454437619,0.14571547508239746,0.14836569286528087
512,0,211,4.00234055519104,4.19762621558673,3.858985424041748,4.04928426945944,0.143355131149292,0.1483419461272904
512,0,212,4.259428262710571,4.197917734676937,4.115756988525391,4.049597820021072,0.14367127418518066,0.14831991465586536
512,0,213,4.572316408157349,4.199675474928019,4.42777419090271,4.051373295940704,0.14454221725463867,0.14830217898731501
512,0,214,4.339435815811157,4.20032856063308,4.19576358795166,4.052048016931409,0.14367222785949707,0.14828054370167099
512,0,215,4.15542459487915,4.200119704978411,4.011802434921265,4.051860828177873,0.14362215995788574,0.14825887680053712
512,0,216,4.20085334777832,4.200123101472855,4.056272745132446,4.05188125371933,0.14458060264587402,0.14824184775352478
512,0,217,4.534468650817871,4.201663864373062,4.389352083206177,4.053436418832172,0.14511656761169434,0.14822744554088962
512,0,218,4.36056661605835,4.202392776078041,4.215214252471924,4.054178518986483,0.14535236358642578,0.14821425709155722
512,0,219,4.258837938308716,4.202650516544848,4.114107131958008,4.054452165621057,0.144730806350708,0.14819835092379077
512,0,220,4.082665920257568,4.202105132016269,3.9383480548858643,4.053924419663169,0.1443178653717041,0.1481807123530995
512,0,221,4.091280937194824,4.201603665071375,3.9453723430633545,4.053433233796202,0.14590859413146973,0.14817043127517354
512,0,222,4.090937614440918,4.201105169347814,3.9464781284332275,4.052951454042314,0.14445948600769043,0.1481537153055002
512,0,223,4.359599828720093,4.2018159077306505,4.216202974319458,4.05368352363997,0.14339685440063477,0.1481323840906802
512,0,224,4.310929775238037,4.202303023210594,4.167693376541138,4.054192496197564,0.14323639869689941,0.14811052701302937
512,0,225,4.3675377368927,4.203037399715848,4.224311590194702,4.054948581059774,0.14322614669799805,0.14808881865607368
512,0,226,4.237406015396118,4.203189473236557,4.09416389465332,4.055122100146471,0.14324212074279785,0.14806737309008572
512,0,227,4.396470785140991,4.204040932760365,4.251703500747681,4.0559880975059475,0.14476728439331055,0.14805283525441712
512,0,228,4.11600136756897,4.2036547943165425,3.972726821899414,4.055622916472585,0.14327454566955566,0.1480318778439572
512,0,229,4.127016544342041,4.203320129469493,3.9830756187438965,4.055306116045823,0.14394092559814453,0.1480140134236698
512,0,230,4.060220241546631,4.202697956043742,3.916259288787842,4.054701564622962,0.14396095275878906,0.14799639142077903
512,0,231,4.23224663734436,4.202825872413007,4.0888893604278564,4.054849563739,0.1433572769165039,0.14797630867400727
512,0,232,4.213854551315308,4.202873409822069,4.0695483684539795,4.054912920655875,0.14430618286132812,0.147960489166194
512,0,233,4.267634868621826,4.203151355997176,4.122138500213623,4.055201442456553,0.14549636840820312,0.14794991354062323
512,0,234,4.135157108306885,4.202860782289097,3.9910225868225098,4.0549271738427315,0.144134521484375,0.14793360844636574
512,0,235,4.187410593032837,4.2027950368029,4.044001817703247,4.054880682965543,0.14340877532958984,0.14791435383735818
512,0,236,4.251302719116211,4.203000577829652,4.108368873596191,4.055107327841096,0.14293384552001953,0.1478932499885559
512,0,237,4.288081884384155,4.203359570684313,4.1443681716918945,4.055483955874222,0.14371371269226074,0.14787561481009054
512,0,238,4.456850528717041,4.204424658743274,4.313500165939331,4.056568057597184,0.14335036277770996,0.14785660114608892
512,0,239,4.278755187988281,4.204735665141788,4.135385274887085,4.056897836749025,0.1433699131011963,0.14783782839276302
512,0,240,4.203590631484985,4.204730894168217,4.057520627975464,4.056900431712468,0.14607000350952148,0.14783046245574952
512,0,241,4.194195508956909,4.204687178876885,4.050790786743164,4.056875080488529,0.14340472221374512,0.1478120983883553
512,0,242,4.241636753082275,4.204839863067816,4.097581148147583,4.057043287379683,0.14405560493469238,0.14779657568813356
512,0,243,4.154669284820557,4.204633399782848,4.011041641235352,4.056853980193903,0.14362764358520508,0.14777941958894455
512,0,244,4.051230192184448,4.204004698112363,3.908259153366089,4.056244985001986,0.14297103881835938,0.14775971311037658
512,0,245,4.091380596160889,4.203545007900316,3.947943687438965,4.055802938889484,0.14343690872192383,0.14774206901083187
512,0,246,4.098857164382935,4.203119447560814,3.955615282058716,4.055395671991798,0.14324188232421875,0.14772377556901636
512,0,247,4.202493190765381,4.203116912108202,4.059054136276245,4.0554104835880915,0.14343905448913574,0.14770642852010998
512,0,248,4.099640130996704,4.202699667023074,3.955496311187744,4.055007603860671,0.14414381980895996,0.14769206316240371
512,0,249,4.182790040969849,4.2026197086855115,4.039445400238037,4.054945105050941,0.14334464073181152,0.14767460363457002
512,0,250,4.250316619873047,4.202810496330262,4.1068031787872314,4.0551525373458865,0.14351344108581543,0.147657958984375
512,0,251,4.0581889152526855,4.202234314732342,3.915208578109741,4.054594991691559,0.14298033714294434,0.14763932304078364
512,0,252,4.239319801330566,4.2023814793617005,4.0967254638671875,4.054762176104954,0.1425943374633789,0.14761930325674633
512,0,253,4.074814319610596,4.201877261338969,3.9319100379943848,4.0542765945313946,0.14290428161621094,0.14760066680757425
512,0,254,4.0596232414245605,4.2013172061424555,3.916132926940918,4.053732721824345,0.14349031448364258,0.14758448431810994
512,0,255,4.175696849822998,4.201216734156889,4.031726360321045,4.0536464223674695,0.14397048950195312,0.14757031178941912
512,0,256,4.2002012729644775,4.201212767511606,4.057033538818359,4.053659653291106,0.14316773414611816,0.1475531142205
512,0,257,4.186216115951538,4.201154414781801,4.043598175048828,4.053620503570319,0.14261794090270996,0.14753391121148135
512,0,258,4.290389537811279,4.201500287351682,4.1469080448150635,4.053982083187547,0.14348149299621582,0.14751820416413536
512,0,259,4.166062593460083,4.201363462278742,4.023500204086304,4.0538643925346465,0.1425623893737793,0.14749906974409538
512,0,260,4.246266603469849,4.201536166667938,4.103200912475586,4.0540541483805725,0.1430656909942627,0.14748201828736526
512,0,261,4.205132007598877,4.201549943836256,4.062716722488403,4.054087338319683,0.14241528511047363,0.14746260551657256
512,0,262,4.264342546463013,4.201789610258496,4.120807409286499,4.054341995079099,0.14353513717651367,0.14744761517939678
512,0,263,4.252764940261841,4.201983432806037,4.10938286781311,4.054551275964019,0.14338207244873047,0.1474321568420178
512,0,264,4.249670743942261,4.202164066560341,4.106528043746948,4.054748157660167,0.1431427001953125,0.14741590890017423
512,0,265,4.123435974121094,4.20186697941906,3.9796907901763916,4.054464922311171,0.14374518394470215,0.14740205710788942
512,0,266,4.201822519302368,4.201866812275765,4.058958292007446,4.05448181467845,0.14286422729492188,0.14738499759731435
512,0,267,4.240474462509155,4.202011410216714,4.097481727600098,4.054642863041453,0.14299273490905762,0.14736854717526096
512,0,268,4.171594858169556,4.201897915619522,4.0277111530303955,4.054542371586187,0.14388370513916016,0.14735554403333523
512,0,269,4.129209756851196,4.201627699415923,3.9858784675598145,4.054287115437391,0.14333128929138184,0.14734058397853242
512,0,270,4.073397874832153,4.201152774139687,3.93045973777771,4.053828495520133,0.14293813705444336,0.1473242786195543
512,0,271,4.230478048324585,4.201260985483542,4.087503671646118,4.053952758162664,0.1429743766784668,0.1473082273208787
512,0,272,4.161540985107422,4.201114956070395,4.017698049545288,4.053819468792747,0.1438429355621338,0.14729548727764802
512,0,273,4.156584024429321,4.200951839104677,4.0136213302612305,4.05367222286406,0.14296269416809082,0.1472796162406167
512,0,274,4.137078762054443,4.200718725684786,3.9933130741119385,4.053451934000002,0.14376568794250488,0.14726679168478415
512,0,275,4.2399303913116455,4.200861313559792,4.097259998321533,4.053611236052079,0.1426703929901123,0.14725007750771263
512,0,276,4.28044056892395,4.20114964419517,4.137605428695679,4.0539155628370205,0.14283514022827148,0.14723408135814944
512,0,277,4.166902542114258,4.201026008447585,4.02306866645813,4.053804202200273,0.14383387565612793,0.14722180624731182
512,0,278,4.235351800918579,4.201149482521221,4.09224271774292,4.053942470241793,0.14310908317565918,0.14720701227942817
512,0,279,4.137738943099976,4.20092220460215,3.9946982860565186,4.05373012549561,0.14304065704345703,0.1471920791065394
512,0,280,4.275878190994263,4.20118990455355,4.1327290534973145,4.054012264524188,0.14314913749694824,0.14717764002936226
512,0,281,4.248392820358276,4.201357886460328,4.105932235717773,4.0541970331049475,0.14246058464050293,0.14716085335538057
512,0,282,4.359972238540649,4.201920348701748,4.216213941574097,4.054771561149164,0.14375829696655273,0.14714878755258332
512,0,283,4.261358022689819,4.202130375818313,4.1187639236450195,4.054997682571411,0.1425940990447998,0.1471326932469021
512,0,284,4.259429931640625,4.202332134817688,4.116906404495239,4.05521567102889,0.14252352714538574,0.14711646378879817
512,0,285,4.249367952346802,4.20249717277393,4.106263875961304,4.055394787537424,0.14310407638549805,0.14710238523650587
512,0,286,4.21445631980896,4.2025389879733535,4.0712127685546875,4.0554500951633585,0.14324355125427246,0.14708889280999457
512,0,287,4.143890619277954,4.202334638256644,4.000887393951416,4.0552599812218535,0.14300322532653809,0.1470746570347909
512,0,288,4.12341046333313,4.202060595982605,3.9798402786254883,4.054998107254505,0.1435701847076416,0.1470624887280994
512,0,289,4.120821952819824,4.201779493411107,3.9775679111480713,4.054730182700504,0.14325404167175293,0.1470493107106034
512,0,290,4.32201623916626,4.202194102879228,4.178268194198608,4.0551561758436,0.14374804496765137,0.14703792703562768
512,0,291,4.352192163467407,4.202709560132108,4.2095794677734375,4.055686840077036,0.14261269569396973,0.14702272005507216
512,0,292,4.362627983093262,4.203257225964167,4.218781471252441,4.0562453833344865,0.1438465118408203,0.1470118426296809
512,0,293,4.288673639297485,4.203548749559162,4.145784378051758,4.056550977173112,0.14288926124572754,0.14699777238604966
512,0,294,4.326102256774902,4.203965598223161,4.182251691818237,4.056978530624286,0.14385056495666504,0.14698706759887487
512,0,295,4.120770454406738,4.203683580786494,3.9773244857788086,4.056708516912945,0.1434459686279297,0.14697506387354964
512,0,296,4.19757866859436,4.203662956083143,4.054503679275513,4.056701068137143,0.14307498931884766,0.14696188794599996
512,0,297,4.237894296646118,4.203778213122076,4.093782663345337,4.056825921993063,0.14411163330078125,0.1469522911290127
512,0,298,4.295955181121826,4.204087531806639,4.152071952819824,4.057145539546173,0.14388322830200195,0.1469419922604657
512,0,299,4.366905212402344,4.204632072544417,4.223933458328247,4.057703358672534,0.14297175407409668,0.1469287138718825
512,0,300,4.236250400543213,4.20473746697108,4.093639373779297,4.057823145389557,0.14261102676391602,0.14691432158152262
512,0,301,4.3136680126190186,4.205099362471571,4.170467853546143,4.058197380300376,0.14320015907287598,0.1469019821711949
512,0,302,4.326869964599609,4.205502576385902,4.183654069900513,4.058612799802363,0.14321589469909668,0.14688977658353894
512,0,303,4.3033835887908936,4.205825616030803,4.15949821472168,4.058945754967113,0.14388537406921387,0.1468798610636897
512,0,304,4.258019924163818,4.205997307833873,4.114383935928345,4.059128117404486,0.14363598823547363,0.14686919042938634
512,0,305,4.259654760360718,4.206173233907731,4.115973472595215,4.059314495618226,0.14368128776550293,0.14685873828950474
512,0,306,4.250554084777832,4.20631826936809,4.107310771942139,4.059471346194448,0.14324331283569336,0.14684692317364262
512,0,307,4.323447942733765,4.206699799248761,4.17806339263916,4.059857639505343,0.1453845500946045,0.14684215974341774
512,0,308,4.565424919128418,4.207864491196422,4.41901421546936,4.061023732284447,0.14641070365905762,0.146840758911975
512,0,309,4.1803529262542725,4.2077754570056705,4.0366129875183105,4.060944733110446,0.14373993873596191,0.14683072389522417
512,0,310,4.074732303619385,4.207346285543134,3.93117618560791,4.0605261248926965,0.1435561180114746,0.14682016065043788
512,0,311,4.2373878955841064,4.207442882359986,4.09342622756958,4.0606319130041975,0.14396166801452637,0.14681096935578863
512,0,312,4.290004014968872,4.207707501374759,4.147207260131836,4.0609093980911455,0.14279675483703613,0.14679810328361315
512,0,313,4.436362981796265,4.208438030066201,4.291632413864136,4.061646532326842,0.1447305679321289,0.1467914977393592
512,0,314,4.440768241882324,4.209177935199373,4.294486999511719,4.062388062477112,0.14628124237060547,0.14678987272226127
512,0,315,4.197099447250366,4.2091395907931854,4.051715612411499,4.0623541816832525,0.1453838348388672,0.14678540910993304
512,0,316,4.165730714797974,4.209002220932442,4.022858142852783,4.0622291942186,0.14287257194519043,0.14677302671384207
512,0,317,4.256213188171387,4.209151151428463,4.112919807434082,4.062389101515809,0.1432933807373047,0.14676204991265426
512,0,318,4.432149648666382,4.209852404564431,4.287886142730713,4.063098211708309,0.14426350593566895,0.14675419285612287
512,0,319,4.444612503051758,4.2105883296380595,4.300567388534546,4.063842629190523,0.14404511451721191,0.14674570044753693
512,0,320,4.310427665710449,4.2109003275632855,4.16547417640686,4.064160227775574,0.14495348930358887,0.1467400997877121
512,0,321,4.171901702880859,4.210778836520662,4.0277063846588135,4.064046664401379,0.1441953182220459,0.14673217211928324
512,0,322,4.138179063796997,4.210553371387979,3.995325803756714,4.0638332455795005,0.1428532600402832,0.14672012580847887
512,0,323,4.196457624435425,4.210509731304534,4.053349018096924,4.063800786670885,0.14310860633850098,0.14670894463364922
512,0,324,4.25499701499939,4.210647037735692,4.110168933868408,4.06394389823631,0.14482808113098145,0.14670313949938174
512,0,325,4.401395320892334,4.21123395553002,4.258706569671631,4.0645431679945725,0.14268875122070312,0.14669078753544734
512,0,326,4.2118988037109375,4.211235994941618,4.068384408950806,4.064554950942291,0.14351439476013184,0.14668104399932674
512,0,327,4.067066192626953,4.210795108696007,3.9236032962799072,4.0641239061268095,0.1434628963470459,0.14667120256919744
512,0,328,4.205584764480591,4.210779223500229,4.0618414878845215,4.0641169475346075,0.14374327659606934,0.14666227596562084
512,0,329,4.349318027496338,4.211200314089882,4.206044912338257,4.064548339524892,0.14327311515808105,0.14665197456499002
512,0,330,4.399494409561157,4.211770902257977,4.256091594696045,4.065128773631471,0.1434028148651123,0.14664212862650552
512,0,331,4.207804203033447,4.2117589182724045,4.064970254898071,4.0651282947229115,0.14283394813537598,0.14663062354949305
512,0,332,4.2790257930755615,4.211961529341089,4.135051488876343,4.065338906753494,0.14397430419921875,0.14662262258759465
512,0,333,4.32614541053772,4.212304423879217,4.181222438812256,4.065686905348265,0.14492297172546387,0.14661751853095162
512,0,334,4.376307249069214,4.212795450301941,4.231922626495361,4.0661846170882265,0.14438462257385254,0.1466108332137148
512,0,335,4.102480411529541,4.21246615167874,3.9592418670654297,4.065865384998606,0.14323854446411133,0.1466007666801339
512,0,336,4.077932119369507,4.212065752773058,3.9346065521240234,4.065474733710289,0.1433255672454834,0.14659101906276883
512,0,337,4.085080623626709,4.211688942300813,3.9416518211364746,4.0651073066700105,0.14342880249023438,0.14658163563080287
512,0,338,4.175477743148804,4.211581808575511,4.03227686882019,4.065010175197082,0.14320087432861328,0.14657163337842952
512,0,339,4.1980366706848145,4.211541852416542,4.055040597915649,4.064980766414541,0.14299607276916504,0.14656108600200102
512,0,340,4.19122314453125,4.211482091510997,4.048162937164307,4.064931302210864,0.14306020736694336,0.1465507893001332
512,0,341,4.215933561325073,4.211495145674674,4.071295738220215,4.064949966246082,0.1446378231048584,0.1465451794285928
512,0,342,4.073083400726318,4.211090432970147,3.9294474124908447,4.064553759948552,0.14363598823547363,0.14653667302159537
512,0,343,4.0624871253967285,4.210657187175473,3.9188268184661865,4.064128900060848,0.143660306930542,0.14652828711462437
512,0,344,4.24476432800293,4.210756335840669,4.101398706436157,4.064237242521242,0.14336562156677246,0.14651909331942714
512,0,345,4.284619569778442,4.210970432170924,4.141246795654297,4.06446045861728,0.1433727741241455,0.1465099735536437
512,0,346,4.223522901535034,4.2110067109841145,4.080069303512573,4.064505570885763,0.14345359802246094,0.14650114009835127
512,0,347,4.327982425689697,4.2113438167901815,4.185147285461426,4.064853241532955,0.14283514022827148,0.1464905752572271
512,0,348,4.359678745269775,4.2117700665846645,4.215904474258423,4.065287296799408,0.14377427101135254,0.14648276978525623
512,0,349,4.374976634979248,4.212237707181783,4.231727838516235,4.065764203795731,0.1432487964630127,0.14647350338605208
512,0,350,4.400428295135498,4.212775394575936,4.255790948867798,4.066307137353079,0.1446373462677002,0.1464682572228568
512,0,351,4.292404413223267,4.2130022578769255,4.149251937866211,4.066543447326051,0.14315247535705566,0.14645881055087445
512,0,352,4.079824447631836,4.212623911825093,3.9364945888519287,4.06617399034175,0.14332985877990723,0.1464499214833433
512,0,353,4.64371395111084,4.213845130066695,4.499286651611328,4.067400938390672,0.14442729949951172,0.14644419167602366
512,0,354,4.256963014602661,4.213966932000414,4.121073246002197,4.067552555078841,0.13588976860046387,0.14641437692157291
512,0,355,4.276219129562378,4.214142290303405,4.140939474105835,4.0677592787944095,0.13527965545654297,0.14638301150899538
512,0,356,4.193841457366943,4.214085265491786,4.050409555435181,4.0677105436164345,0.1434319019317627,0.14637472187535147
512,0,357,4.087549924850464,4.213730824761698,3.943798542022705,4.067363451174995,0.1437513828277588,0.14636737358670274
512,0,358,4.042301416397095,4.2132519716657075,3.898958444595337,4.066893046128683,0.1433429718017578,0.14635892553702412
512,0,359,4.0178542137146,4.212707688217376,3.87431263923645,4.066356610454889,0.14354157447814941,0.14635107776248688
512,0,360,4.101512432098389,4.212398812505934,3.9585299491882324,4.06605709195137,0.14298248291015625,0.14634172055456374
512,0,361,4.226519346237183,4.212437927557821,4.082603931427002,4.0661029280718015,0.14391541481018066,0.14633499948601975
512,0,362,4.17467188835144,4.212333601482666,4.030778646469116,4.066005347183396,0.14389324188232422,0.14632825429926918
512,0,363,4.0788798332214355,4.2119659602477855,3.9357473850250244,4.065646509822078,0.14313244819641113,0.1463194504257076
512,0,364,4.194439888000488,4.211917811697656,4.051353216171265,4.065607242531829,0.14308667182922363,0.14631056916582716
512,0,365,4.3828184604644775,4.212386032653182,4.2392096519470215,4.066082865571323,0.14360880851745605,0.146303167081859
512,0,366,4.086098909378052,4.212040985868277,3.9431064128875732,4.065746864334482,0.14299249649047852,0.14629412153379515
512,0,367,4.196710586547852,4.211999213663044,4.0541510581970215,4.065715268132473,0.14255952835083008,0.1462839455305718
512,0,368,4.185998916625977,4.211928560681964,4.04281210899353,4.065653031286986,0.1431868076324463,0.14627552939497906
512,0,369,4.133939981460571,4.211717209518763,3.9996590614318848,4.065474185840224,0.13428092002868652,0.14624302367853925
512,0,370,4.161810874938965,4.211582327533413,4.0190205574035645,4.065348635493098,0.1427903175354004,0.14623369204031456
512,0,371,4.20461630821228,4.21156355120101,4.061309337615967,4.0653377478977415,0.14330697059631348,0.14622580330326873
512,0,372,4.133500814437866,4.211353705134443,3.990647315979004,4.065136967166778,0.1428534984588623,0.1462167379676655
512,0,373,4.046849250793457,4.210912674425755,3.903369426727295,4.06470327402887,0.1434798240661621,0.14620940039688396
512,0,374,4.266392469406128,4.211061016123563,4.123025417327881,4.064859215588493,0.14336705207824707,0.14620180053506943
512,0,375,4.2141547203063965,4.211069266001384,4.069314002990723,4.064871095021566,0.14484071731567383,0.14619817097981772
512,0,376,4.156005382537842,4.2109228195028106,4.013038158416748,4.064733241466766,0.14296722412109375,0.14618957803604452
512,0,377,4.266824960708618,4.21107110104447,4.123361349105835,4.06488875368862,0.1434636116027832,0.14618234735585017
512,0,378,4.146583795547485,4.210900499707177,4.003267765045166,4.064725735200145,0.14331603050231934,0.14617476450703132
512,0,379,4.038285493850708,4.210445051142911,3.8951029777526855,4.064278181750415,0.14318251609802246,0.14616686939249568
512,0,380,4.198350191116333,4.210413222563894,4.05479621887207,4.064253229216526,0.1435539722442627,0.14615999334736873
512,0,381,4.293923616409302,4.210632409949315,4.148869752883911,4.064475319829826,0.14505386352539062,0.14615709011948955
512,0,382,4.315537452697754,4.21090703048007,4.171817779541016,4.064756321033258,0.14371967315673828,0.1461507094468122
512,0,383,4.410325527191162,4.2114277054062095,4.266988039016724,4.065284341184651,0.14333748817443848,0.14614336422155794
512,0,384,4.225365400314331,4.211464001486699,4.0820887088775635,4.065328102558851,0.14327669143676758,0.14613589892784754
512,0,385,4.277895212173462,4.211636550085885,4.134872674942017,4.065508737811794,0.1430225372314453,0.14612781227409066
512,0,386,4.3041768074035645,4.211876291685154,4.160931348800659,4.0657559466485536,0.14324545860290527,0.14612034503660054
512,0,387,4.361239194869995,4.212262242339378,4.215001344680786,4.066141593671892,0.14623785018920898,0.14612064866748584
512,0,388,4.127831935882568,4.212044638456757,3.9836812019348145,4.065929066889065,0.1441507339477539,0.1461155715676927
512,0,389,4.23039698600769,4.212091816728097,4.087237358093262,4.065983843987276,0.1431596279144287,0.14610797274082057
512,0,390,4.253079175949097,4.21219691252097,4.11025333404541,4.066097355500245,0.14282584190368652,0.14609955702072536
512,0,391,4.26227331161499,4.212324985152925,4.118818521499634,4.066232192241932,0.14345479011535645,0.14609279291099295
512,0,392,4.16446590423584,4.21220289566079,4.020808458328247,4.066116315369704,0.14365744590759277,0.14608658029108632
512,0,393,4.086534261703491,4.2118831281443585,3.9436228275299072,4.0658046271054795,0.14291143417358398,0.14607850103887893
512,0,394,4.089291095733643,4.211571980853977,3.946221351623535,4.065501116254003,0.14306974411010742,0.14607086459997343
512,0,395,4.075859308242798,4.211228404467619,3.932708740234375,4.065164933023573,0.14315056800842285,0.14606347144404544
512,0,396,4.197153329849243,4.211192861349896,4.05408787727356,4.065136960660569,0.1430654525756836,0.14605590068932736
512,0,397,4.114915609359741,4.2109503493801475,3.9715325832366943,4.064901181372347,0.14338302612304688,0.1460491680078002
512,0,398,4.163402795791626,4.210830883165101,4.020071029663086,4.064788542800213,0.14333176612854004,0.14604234036488747
512,0,399,4.198392868041992,4.210799710194867,4.055022478103638,4.06476406644759,0.1433703899383545,0.14603564374727712
512,0,400,4.070665121078491,4.210449373722077,3.9274818897247314,4.064420861005783,0.14318323135375977,0.14602851271629333
512,0,401,4.188677072525024,4.210395078706622,4.043949127197266,4.0643698093005245,0.1447279453277588,0.1460252694060975
512,0,402,4.2008583545684814,4.210371355512248,4.057232618331909,4.064352055094135,0.14362573623657227,0.1460193004181136
512,0,403,4.282013416290283,4.210549127375222,4.138336420059204,4.064535639126307,0.1436769962310791,0.146013488248915
512,0,404,4.269702196121216,4.210695545862217,4.126988649368286,4.064690225785322,0.1427135467529297,0.14600532007689523
512,0,405,4.415647745132446,4.2112016006752295,4.272614479064941,4.065203619003296,0.14303326606750488,0.14599798167193379
512,0,406,4.398067235946655,4.2116618608606275,4.254311800003052,4.0656694027003395,0.14375543594360352,0.14599245816028764
512,0,407,4.364925861358643,4.2120384308864205,4.221368312835693,4.0660519553050944,0.14355754852294922,0.14598647558132613
512,0,408,4.444043397903442,4.212607070511463,4.30056619644165,4.066626745111802,0.143477201461792,0.1459803253996606
512,0,409,4.270513534545898,4.212748651108124,4.126239061355591,4.066772496496261,0.14427447319030762,0.14597615461186267
512,0,410,4.254774570465088,4.212851153350458,4.111759185791016,4.066882220128687,0.14301538467407227,0.14596893322177049
512,0,411,4.266066551208496,4.212980631204127,4.122530698776245,4.067017617886954,0.14353585243225098,0.14596301331717312
512,0,412,4.379312515258789,4.213384349369309,4.235992908477783,4.067427752087418,0.14331960678100586,0.14595659728189117
512,0,413,4.3581788539886475,4.213734941390179,4.214796781539917,4.0677845778245905,0.14338207244873047,0.1459503635655881
512,0,414,4.278122186660767,4.213890466137209,4.14456582069397,4.067970039763888,0.13355636596679688,0.1459204263733205
512,0,415,4.372989177703857,4.214273836526527,4.229913234710693,4.068360264330026,0.14307594299316406,0.14591357219650083
512,0,416,4.304217338562012,4.214490046867957,4.161529302597046,4.068584228364321,0.14268803596496582,0.14590581850363657
512,0,417,4.1200220584869385,4.214263504929394,3.976544141769409,4.068363508732199,0.1434779167175293,0.14589999619719507
512,0,418,4.086243629455566,4.21395723728472,3.9428234100341797,4.068063173567849,0.14342021942138672,0.14589406371687016
512,0,419,4.1219165325164795,4.213737569731573,3.9784021377563477,4.067849185415555,0.14351439476013184,0.14588838431601878
512,0,420,4.123616933822632,4.213522996788933,3.9797749519348145,4.067639484859648,0.14384198188781738,0.14588351192928495
512,0,421,4.153185844421387,4.213379678137229,4.008870363235474,4.067499890746527,0.14431548118591309,0.14587978739070212
512,0,422,4.162389755249023,4.213258848936072,4.018930673599243,4.067384797814898,0.14345908164978027,0.14587405112117388
512,0,423,4.140681028366089,4.213087270164039,3.9961862564086914,4.067216479750108,0.14449477195739746,0.14587079041393092
512,0,424,4.315950155258179,4.213329871308129,4.171570539474487,4.067462597815496,0.1443796157836914,0.14586727349263318
512,0,425,4.322008848190308,4.213585586547851,4.178240537643433,4.067723251791561,0.143768310546875,0.1458623347562902
512,0,426,4.3601086139678955,4.213929537316443,4.2167017459869385,4.0680729665666675,0.14340686798095703,0.14585657074977534
512,0,427,4.164722681045532,4.213814298777167,4.02091908454895,4.067962535929624,0.14380359649658203,0.14585176284754303
512,0,428,4.161481857299805,4.2136920267176405,4.017075777053833,4.067843641633186,0.14440608024597168,0.14584838508445525
512,0,429,4.244286298751831,4.213763342037067,4.099655866622925,4.06791779600379,0.14463043212890625,0.14584554603327682
512,0,430,4.1728434562683105,4.213668179512024,4.028391122817993,4.06782587350801,0.14445233345031738,0.14584230600401413
512,0,431,4.235346555709839,4.213718477368632,4.09256649017334,4.0678832763309,0.14278006553649902,0.14583520103773218
512,0,432,4.2014172077178955,4.213690002207403,4.058020114898682,4.067860444938695,0.14339709281921387,0.14582955726870783
512,0,433,4.3148157596588135,4.213923548991356,4.171213150024414,4.068099134788778,0.14360260963439941,0.1458244142025778
512,0,434,4.318065166473389,4.214163506635323,4.17455530166626,4.0683444254958685,0.1435098648071289,0.14581908113945463
512,0,435,4.156545162200928,4.214031050671107,4.01331901550293,4.068217930300483,0.14322614669799805,0.14581312037062372
512,0,436,4.231252431869507,4.214070549251836,4.088069915771484,4.068263462377251,0.14318251609802246,0.14580708687458563
512,0,437,4.148001670837402,4.213919361887044,4.004231691360474,4.06811693658545,0.1437699794769287,0.1458024253015933
512,0,438,4.226569414138794,4.213948243284879,4.083658218383789,4.068152418963986,0.14291119575500488,0.1457958243208933
512,0,439,4.217703104019165,4.213956796498397,4.0744335651397705,4.068166726814044,0.14326953887939453,0.14579006968435232
512,0,440,4.144440174102783,4.21379880417477,4.001214981079102,4.068014563755556,0.14322519302368164,0.14578424041921442
512,0,441,4.166072130203247,4.2136905804242675,4.021728754043579,4.0679096072709475,0.14434337615966797,0.14578097315331975
512,0,442,4.086902379989624,4.213403729292063,3.943192958831787,4.0676274429079635,0.14370942115783691,0.1457762863840992
512,0,443,4.201732873916626,4.213377384246069,4.0581817626953125,4.067606120830734,0.14355111122131348,0.14577126341533445
512,0,444,4.155384302139282,4.213246769196278,4.011908769607544,4.067480676345997,0.14347553253173828,0.1457660928502813
512,0,445,4.1735312938690186,4.2131575209371155,4.028726816177368,4.067393589019775,0.1448044776916504,0.14576393191734058
512,0,446,4.2032036781311035,4.213135202903919,4.059860706329346,4.067376699148272,0.1433429718017578,0.14575850375564645
512,0,447,4.256148815155029,4.213231430224391,4.1119091510772705,4.067476324320372,0.1442396640777588,0.14575510590401805
512,0,448,4.322183609008789,4.213474627052035,4.177994728088379,4.067723017185926,0.14418888092041016,0.14575160986610822
512,0,449,4.262966156005859,4.213584853174426,4.119706153869629,4.0678387925460235,0.14326000213623047,0.14574606062840248
512,0,450,4.081828355789185,4.213292060958015,3.9381966590881348,4.067550698916118,0.1436316967010498,0.14574136204189725
512,0,451,4.186289072036743,4.213232187368389,4.042115688323975,4.067494301996844,0.14417338371276855,0.14573788537154442
512,0,452,4.087918996810913,4.212954945796359,3.943774938583374,4.067220586591063,0.14414405822753906,0.14573435920529662
512,0,453,4.07859468460083,4.212658344778267,3.935106039047241,4.06692894299825,0.14348864555358887,0.1457294017800169
512,0,454,4.260540246963501,4.2127638115231685,4.116859674453735,4.067038922582954,0.14368057250976562,0.1457248889402146
512,0,455,4.064707040786743,4.212438412027044,3.9219090938568115,4.066719955926413,0.14279794692993164,0.14571845610063155
512,0,456,4.243063688278198,4.212505572720578,4.0998694896698,4.066792652272341,0.14319419860839844,0.1457129204482363
512,0,457,4.270848751068115,4.212633238318713,4.127873182296753,4.066926307699091,0.1429755687713623,0.1457069306196217
512,0,458,4.169820070266724,4.212539759785848,4.026943206787109,4.0668390083521215,0.14287686347961426,0.1457007514337265
512,0,459,4.175949811935425,4.212460043123864,4.032352924346924,4.0667638752715,0.14359688758850098,0.14569616785236433
512,0,460,4.17118501663208,4.212370314805404,4.027090787887573,4.066677629429361,0.14409422874450684,0.1456926853760429
512,0,461,4.120636940002441,4.212171327007567,3.9777748584747314,4.066484781770024,0.14286208152770996,0.14568654523754326
512,0,462,4.206982374191284,4.212160095507964,4.063915252685547,4.066479220018758,0.1430671215057373,0.14568087548920602
512,0,463,4.222628831863403,4.212182706169639,4.079104423522949,4.0665064882768664,0.1435244083404541,0.14567621789277244
512,0,464,4.177955389022827,4.212108940399927,4.034409761428833,4.066437314296591,0.14354562759399414,0.14567162610333542
512,0,465,4.214642286300659,4.2121143884556265,4.070952892303467,4.066447025217036,0.14368939399719238,0.14566736323859103
512,0,466,4.193929433822632,4.212075364947831,4.0505499839782715,4.066412911394635,0.14337944984436035,0.14566245355319568
512,0,467,4.266834497451782,4.21219262219088,4.1231300830841064,4.06653436144108,0.14370441436767578,0.14565826074980057
512,0,468,4.225891351699829,4.212221892980429,4.081330299377441,4.06656597669308,0.1445610523223877,0.1456559162873488
512,0,469,4.238816261291504,4.2122785973904735,4.095174312591553,4.066626975277085,0.14364194869995117,0.14565162211338847
512,0,470,4.179708242416382,4.212209298762869,4.0362548828125,4.066562353803756,0.14345335960388184,0.14564694495911293
512,0,471,4.2174201011657715,4.21222036203761,4.073521852493286,4.066577129809467,0.14389824867248535,0.14564323222814346
512,0,472,4.040256500244141,4.211856031821946,3.896639347076416,4.066217092134185,0.1436171531677246,0.1456389396877612
512,0,473,4.3051300048828125,4.212053228382328,4.161360263824463,4.0664182404887095,0.1437697410583496,0.1456349878936187
512,0,474,4.086973667144775,4.211789347451448,3.943455219268799,4.066158824832128,0.14351844787597656,0.14563052261931986
512,0,475,4.29231071472168,4.211958866119385,4.149261474609375,4.066333777779027,0.1430492401123047,0.14562508834035773
512,0,476,4.247026443481445,4.212032537500398,4.102756500244141,4.066410296103534,0.1442699432373047,0.14562224139686392
512,0,477,4.297811031341553,4.212212366627947,4.154109239578247,4.066594151330944,0.14370179176330566,0.14561821529700322
512,0,478,4.385076284408569,4.212574006623305,4.242129802703857,4.066961380727122,0.14294648170471191,0.1456126258961825
512,0,479,4.402662515640259,4.21297085110977,4.257855415344238,4.067359906895424,0.1448071002960205,0.14561094421434503
512,0,480,4.372930526733398,4.2133041004339855,4.229494333267212,4.067697686950366,0.14343619346618652,0.1456064134836197
512,0,481,4.305621385574341,4.21349602826172,4.161842584609985,4.067893414388328,0.14377880096435547,0.14560261387339252
512,0,482,4.206888914108276,4.2134823205560075,4.062914609909058,4.067883084918454,0.14397430419921875,0.145599235637554
512,0,483,4.184850215911865,4.213423040836248,4.041024208068848,4.067827476477771,0.14382600784301758,0.1455955643584763
512,0,484,4.206510066986084,4.213408757832425,4.062273025512695,4.0678160003394135,0.14423704147338867,0.14559275749301123
512,0,485,4.101987600326538,4.213179023487052,3.958590507507324,4.067590793137698,0.14339709281921387,0.14558823034935392
512,0,486,4.1783998012542725,4.213107461301387,4.03484320640564,4.067523411271994,0.1435565948486328,0.14558405002939356
512,0,487,4.2332141399383545,4.213148748115837,4.0898683071136475,4.067569294014995,0.14334583282470703,0.14557945410084186
512,0,488,4.4986655712127686,4.213733823573003,4.354212284088135,4.068156677191375,0.1444532871246338,0.14557714638162833
512,0,489,4.057483196258545,4.2134142926378,3.9133877754211426,4.067840176369759,0.14409542083740234,0.14557411626804095
512,0,490,4.369261980056763,4.213732349142736,4.225350379943848,4.068161625764808,0.14391160011291504,0.14557072337792845
512,0,491,4.173604488372803,4.213650622338724,4.030258655548096,4.068084430306118,0.14334583282470703,0.1455661920326062
512,0,492,4.199026584625244,4.213620898684835,4.054869890213013,4.068057571484791,0.14415669441223145,0.14556332720004447
512,0,493,4.106461048126221,4.213403535904797,3.963482141494751,4.067845450937144,0.14297890663146973,0.14555808496765385
512,0,494,3.9505774974823,4.212871499389772,3.807014226913452,4.067317452507946,0.14356327056884766,0.1455540468818263
512,0,495,4.05302095413208,4.212548568995312,3.9090542793273926,4.066997728925763,0.1439666748046875,0.14555084006954924
512,0,496,4.12869119644165,4.212379501711938,3.9859580993652344,4.066834342575842,0.14273309707641602,0.14554515913609536
512,0,497,4.161924600601196,4.212277982796222,4.016193151473999,4.0667324488311705,0.14573144912719727,0.1455455339650513
512,0,498,4.211942672729492,4.212277309482835,4.068145036697388,4.066735285352991,0.1437976360321045,0.14554202412984457
512,0,499,4.148003816604614,4.212148504887889,4.004042148590088,4.066609647804367,0.14396166801452637,0.1455388570835213
512,0,500,4.23199725151062,4.212188202381134,4.088882684707642,4.066654193878174,0.14311456680297852,0.1455340085029602
512,0,501,4.283035516738892,4.212329614186239,4.139751434326172,4.0668000965537185,0.14328408241271973,0.14552951763252062
512,0,502,4.187589406967163,4.212280330904926,4.042986631393433,4.066752659372124,0.14460277557373047,0.1455276715328019
512,0,503,4.290664434432983,4.212436164112736,4.146618127822876,4.066911437639423,0.14404630661010742,0.14552472647331344
512,0,504,4.341325521469116,4.212691896964634,4.20784330368042,4.067191064357758,0.1334822177886963,0.1455008326068757
512,0,505,4.2099950313568115,4.2126865566366964,4.066699743270874,4.067190091444714,0.1432952880859375,0.14549646519198275
512,0,506,4.150837182998657,4.212564324672986,4.00817346572876,4.067073457797054,0.14266371726989746,0.1454908668759312
512,0,507,4.199612140655518,4.2125387779589465,4.056036472320557,4.067051688594931,0.14357566833496094,0.14548708936401608
512,0,508,4.1532087326049805,4.212421986531085,4.010635614395142,4.066940633330758,0.14257311820983887,0.14548135320032676
512,0,509,4.226597309112549,4.212449835887827,4.083288192749023,4.066972750343368,0.1433091163635254,0.14547708554445876
512,0,510,4.066239356994629,4.2121631486743105,3.9227046966552734,4.066689871806725,0.14353466033935547,0.14547327686758602
512,0,511,4.2570600509643555,4.212251009539848,4.11316442489624,4.066780820051518,0.14389562606811523,0.1454701894883307
512,0,512,4.139509439468384,4.212108936160803,3.99600887298584,4.066642593592405,0.14350056648254395,0.14546634256839752
512,0,513,4.259795904159546,4.2122018932134315,4.115941762924194,4.066738693337691,0.14385414123535156,0.14546319987574052
512,0,514,4.1775126457214355,4.212134404405082,4.0342698097229,4.066675524303421,0.14324283599853516,0.14545888010166036
512,0,515,4.331756591796875,4.212366680497105,4.188046216964722,4.066911195551308,0.14371037483215332,0.14545548494579721
512,0,516,4.2140607833862305,4.212369963642239,4.071135520935059,4.0669193822284075,0.14292526245117188,0.1454505814138309
512,0,517,4.228529691696167,4.212401220369616,4.084926605224609,4.066954212446969,0.14360308647155762,0.14544700792264662
512,0,518,4.321271657943726,4.212611394959527,4.1780104637146,4.067168606754436,0.14326119422912598,0.14544278820509154
512,0,519,4.1935813426971436,4.212574728192163,4.048410177230835,4.067132463344949,0.1451711654663086,0.14544226484721337
512,0,520,4.073615074157715,4.21230749808825,3.9302515983581543,4.066869230912282,0.14336347579956055,0.1454382671759679
512,0,521,4.088245391845703,4.212069375043638,3.9454498291015625,4.066636180237022,0.14279556274414062,0.14543319480661696
512,0,522,4.252802133560181,4.212147407148076,4.109285831451416,4.066717884549693,0.14351630210876465,0.14542952259838351
512,0,523,4.278759241104126,4.212274772031358,4.135052680969238,4.06684854381627,0.1437065601348877,0.14542622821508813
512,0,524,4.3131959438323975,4.212467369687466,4.169675350189209,4.067044778179576,0.14352059364318848,0.14542259150788983
512,0,525,4.224514007568359,4.212490315664382,4.081357717514038,4.067072040921166,0.1431562900543213,0.1454182747432164
512,0,526,4.218282222747803,4.212501326894579,4.075121164321899,4.067087343437136,0.14316105842590332,0.14541398345744203
512,0,527,4.129000425338745,4.212342881161076,3.985403299331665,4.0669323452509785,0.14359712600708008,0.14541053591009787
512,0,528,4.205842733383179,4.2123305702751335,4.0623884201049805,4.066923739332141,0.14345431327819824,0.145406830942992
512,0,529,4.101072788238525,4.212120253106821,3.9579739570617676,4.066717785112348,0.1430988311767578,0.1454024679944736
512,0,530,4.237983226776123,4.212169051170349,4.093968391418457,4.066769201350662,0.14401483535766602,0.14539984981968718
512,0,531,4.198643207550049,4.212143578771817,4.056090354919434,4.0667490905287575,0.14255285263061523,0.14539448824305992
512,0,532,4.163429260253906,4.212052010503927,4.020647287368774,4.066662433004021,0.14278197288513184,0.14538957749990591
512,0,533,4.284131288528442,4.212187243670952,4.141270160675049,4.066802409979013,0.14286112785339355,0.14538483369193872
512,0,534,4.271156549453735,4.212297673082531,4.128105878829956,4.06691721048248,0.1430506706237793,0.1453804626000508
512,0,535,4.273477077484131,4.212412027109449,4.129653692245483,4.067034474934373,0.14382338523864746,0.1453775521750762
512,0,536,4.286807537078857,4.212550824702675,4.143895149230957,4.067177871714777,0.1429123878479004,0.14537295298789865
512,0,537,4.261601448059082,4.212642166645612,4.118477821350098,4.067273402347245,0.14312362670898438,0.1453687642983662
512,0,538,4.0733349323272705,4.212383231265838,3.9300308227539062,4.067018304615659,0.14330410957336426,0.14536492665017847
512,0,539,4.175616502761841,4.21231501841147,4.031674146652222,4.066952731038732,0.14394235610961914,0.14536228737273774
512,0,540,4.205755710601807,4.212302871545155,4.062511205673218,4.066944505991759,0.14324450492858887,0.1453583655533967
512,0,541,4.238295316696167,4.212350916730277,4.095042705535889,4.066996443514022,0.14325261116027832,0.14535447321625602
512,0,542,4.299708366394043,4.212512092836668,4.156372547149658,4.067161344074235,0.14333581924438477,0.14535074876243337
512,0,543,4.295396566390991,4.212664734592754,4.151455640792847,4.067316582189739,0.14394092559814453,0.1453481524030148
512,0,544,4.213404893875122,4.21266609517967,4.070268869400024,4.067322009188287,0.14313602447509766,0.1453440859913826
512,0,545,4.254114627838135,4.212742147533172,4.111065864562988,4.067402273143103,0.14304876327514648,0.1453398743900684
512,0,546,4.308555603027344,4.2129176300523925,4.165423393249512,4.067581799004104,0.14313220977783203,0.14533583104828776
512,0,547,4.294851779937744,4.213067418260592,4.151514291763306,4.067735240489953,0.14333748817443848,0.14533217777063903
512,0,548,4.181746482849121,4.213010263268965,4.0384604930877686,4.067681819418051,0.14328598976135254,0.14532844385091406
512,0,549,4.126364231109619,4.212852438073775,3.983062267303467,4.067527685443343,0.14330196380615234,0.1453247526304318
512,0,550,4.216414451599121,4.212858914462003,4.073281288146973,4.067538146539168,0.14313316345214844,0.1453207679228349
512,0,551,4.234051465988159,4.212897376442994,4.090879201889038,4.0675805078011456,0.1431722640991211,0.14531686864184815
512,0,552,4.191169261932373,4.212858013916707,4.048064947128296,4.067545153524565,0.14310431480407715,0.14531286039214203
512,0,553,4.158893585205078,4.2127604290546605,4.016223430633545,4.0674523475157205,0.1426701545715332,0.1453080815389402
512,0,554,4.233163356781006,4.212797257444058,4.089902400970459,4.067492871077913,0.14326095581054688,0.1453043863661453
512,0,555,4.324498891830444,4.21299852165016,4.18129301071167,4.06769791637455,0.14320588111877441,0.14530060527560948
512,0,556,4.185129165649414,4.212948396909151,4.041539430618286,4.067650868738298,0.14358973503112793,0.1452975281708532
512,0,557,4.106441497802734,4.212757181650432,3.96189546585083,4.067461002664891,0.1445460319519043,0.14529617898554092
512,0,558,4.221991777420044,4.212773731105217,4.078955173492432,4.0674816015373425,0.1430366039276123,0.14529212956787438
512,0,559,4.278485536575317,4.212891283530029,4.134564399719238,4.067601606543034,0.1439211368560791,0.1452896769869946
512,0,560,4.256308078765869,4.212968813521521,4.113580942153931,4.067683712499482,0.14272713661193848,0.14528510102203915
512,0,561,4.189752817153931,4.21292743028379,4.046805381774902,4.067646496223681,0.14294743537902832,0.14528093406010864
512,0,562,4.231376647949219,4.212960258073229,4.087977409362793,4.067682672225708,0.14339923858642578,0.145277585847522
512,0,563,4.166902780532837,4.212878450830707,4.023440837860107,4.067604089926657,0.1434619426727295,0.1452743609040499
512,0,564,4.1723480224609375,4.212806588369058,4.028290748596191,4.0675343854207515,0.1440572738647461,0.14527220294830648
512,0,565,4.268975496292114,4.212906002365382,4.126206874847412,4.067638230534781,0.14276862144470215,0.14526777183060097
512,0,566,4.24159049987793,4.212956681689609,4.098307847976685,4.067692417138035,0.14328265190124512,0.14526426455157385
512,0,567,4.319335699081421,4.213144299004234,4.175967454910278,4.067883378403948,0.14336824417114258,0.14526092060028561
512,0,568,4.216427564620972,4.213150079401446,4.072925090789795,4.067892254658148,0.14350247383117676,0.14525782474329774
512,0,569,4.231539726257324,4.213182398640209,4.088628530502319,4.067928698025185,0.14291119575500488,0.14525370061502305
512,0,570,4.1577746868133545,4.213085192128232,4.014486789703369,4.067834940291288,0.14328789710998535,0.14525025183694404
512,0,571,4.065104007720947,4.212826030684436,3.9212710857391357,4.06757826103638,0.14383292198181152,0.14524776964805589
512,0,572,4.249556541442871,4.2128902448640835,4.104750394821167,4.067643247284256,0.1448061466217041,0.145246997579828
512,0,573,4.179612398147583,4.212832168342763,4.035866975784302,4.067587791313051,0.14374542236328125,0.14524437702971188
512,0,574,4.234931707382202,4.212870669281856,4.091256380081177,4.067629025788257,0.1436753273010254,0.14524164349359917
512,0,575,4.17850923538208,4.212810910266379,4.035008430480957,4.067572294318158,0.14350080490112305,0.14523861594822096
512,0,576,4.213372468948364,4.212811885194646,4.069357395172119,4.067575393451585,0.14401507377624512,0.14523649174306127
512,0,577,4.073543548583984,4.21257051892669,3.9297566413879395,4.0673365394618735,0.14378690719604492,0.1452339794648169
512,0,578,3.9936697483062744,4.212191797870253,3.850125312805176,4.0669607414918785,0.14354443550109863,0.14523105637837447
512,0,579,4.217153072357178,4.212200366565394,4.07383394241333,4.066972612305214,0.14331912994384766,0.14522775426018011
512,0,580,4.1191041469573975,4.212039855841933,3.9750423431396484,4.066814111841136,0.14406180381774902,0.1452257440007966
512,0,581,4.267364263534546,4.212135078574622,4.124184846878052,4.066912856651871,0.14317941665649414,0.14522222192275133
512,0,582,4.279417037963867,4.21225068331584,4.135908126831055,4.067031405226062,0.1435089111328125,0.14521927808977894
512,0,583,4.2149817943573,4.212255367897387,4.07114315032959,4.067038457962089,0.14383864402770996,0.14521690993529854
512,0,584,4.130123138427734,4.2121147305181585,3.9861509799957275,4.066899952006667,0.14397215843200684,0.14521477851149153
512,0,585,4.297971487045288,4.212261494204529,4.155008792877197,4.067050565409864,0.14296269416809082,0.1452109287946652
512,0,586,4.2361133098602295,4.212302196961621,4.0921876430511475,4.067093461446794,0.14392566680908203,0.14520873551482633
512,0,587,4.313112735748291,4.212473935528549,4.169367551803589,4.067267693287266,0.14374518394470215,0.14520624224128267
512,0,588,4.332410097122192,4.212677908592484,4.189073801040649,4.067474846531745,0.14333629608154297,0.1452030620607389
512,0,589,4.351264476776123,4.212913199879722,4.207842588424683,4.067713161883006,0.14342188835144043,0.14520003799671632
512,0,590,4.1689841747283936,4.212838743904889,4.026261806488037,4.067642905348438,0.14272236824035645,0.14519583855645132
512,0,591,4.196434497833252,4.212810987143347,4.052908182144165,4.067617973498685,0.14352631568908691,0.1451930136446622
512,0,592,4.154725790023804,4.21271287025632,4.011235952377319,4.067522733598142,0.14348983764648438,0.1451901366581788
512,0,593,4.265190124511719,4.21280136478289,4.121190547943115,4.067613235814576,0.14399957656860352,0.14518812896831443
512,0,594,4.236904621124268,4.212841942655519,4.092803955078125,4.067655644432865,0.14410066604614258,0.1451862982226542
512,0,595,4.150745868682861,4.212737579505985,4.007216691970825,4.0675540663615,0.14352917671203613,0.14518351314448508
512,0,596,4.14559268951416,4.212624920294589,4.0021703243255615,4.067444362096339,0.14342236518859863,0.14518055819825038
512,0,597,4.191711187362671,4.212589888916144,4.047573566436768,4.0674110776814985,0.14413762092590332,0.1451788112346451
512,0,598,4.444375991821289,4.2129774910949145,4.300144195556641,4.067800263497343,0.14423179626464844,0.14517722759757154
512,0,599,4.303589344024658,4.213128762969588,4.158756971359253,4.067952111089767,0.14483237266540527,0.14517665187982168
512,0,600,4.151441812515259,4.213025951385498,4.006651401519775,4.067849943240484,0.1447904109954834,0.14517600814501444
512,0,601,4.129741907119751,4.21288737560469,3.986438035964966,4.067714482496265,0.14330387115478516,0.14517289310842504
512,0,602,4.333643198013306,4.2130879666718135,4.1902384757995605,4.067918010724343,0.14340472221374512,0.14516995594747042
512,0,603,4.364994287490845,4.213339884285113,4.2209320068359375,4.068171765278426,0.14406228065490723,0.14516811900668675
512,0,604,4.235792636871338,4.213377057716547,4.091934680938721,4.068211107854022,0.1438579559326172,0.14516594986252437
512,0,605,4.183171987533569,4.213327131980707,4.039562463760376,4.0681637547232885,0.14360952377319336,0.14516337725741804
512,0,606,4.264346361160278,4.213411322127868,4.119784355163574,4.0682489372322665,0.1445620059967041,0.14516238489560168
512,0,607,4.164381265640259,4.213330547734972,4.021837472915649,4.068172476829767,0.14254379272460938,0.14515807090520466
512,0,608,4.189521551132202,4.213291388201086,4.046148777008057,4.068136253639271,0.1433727741241455,0.14515513456181475
512,0,609,4.170449256896973,4.2132210398738215,4.0272932052612305,4.068069187878388,0.1431560516357422,0.14515185199543368
512,0,610,4.195064544677734,4.213191275127598,4.052244663238525,4.068043246034716,0.14281988143920898,0.1451480290928825
512,0,611,4.205694675445557,4.213179005733684,4.061973571777344,4.068033312034295,0.1437211036682129,0.14514569369938876
512,0,612,4.250792503356934,4.213240465697121,4.10655951499939,4.068096263346329,0.14423298835754395,0.14514420235079098
512,0,613,4.268728733062744,4.213330984893475,4.1252121925354,4.0681894377822,0.14351654052734375,0.14514154711127475
512,0,614,4.273674726486206,4.21342926460291,4.130887985229492,4.068291552680323,0.14278674125671387,0.14513771192258654
512,0,615,4.282053470611572,4.21354084867772,4.138399839401245,4.0684055498945035,0.14365363121032715,0.14513529878321701
512,0,616,4.151632785797119,4.2134403485756415,4.0078301429748535,4.0683072131949585,0.14380264282226562,0.145133135380683
512,0,617,4.208733558654785,4.213432720066856,4.065668821334839,4.068302937033111,0.1430647373199463,0.14512978303374502
512,0,618,4.234342813491821,4.213466555169485,4.0895726680755615,4.068337354073632,0.14477014541625977,0.14512920109585264
512,0,619,4.149684190750122,4.21336351419304,4.005235910415649,4.0682354131307275,0.14444828033447266,0.14512810106231247
512,0,620,4.138546705245972,4.213242841920545,3.995493173599243,4.068118086937935,0.14305353164672852,0.1451247549826099
512,0,621,4.130135774612427,4.213109014114895,3.9863834381103516,4.067986469145942,0.1437523365020752,0.14512254496895366
512,0,622,4.206036329269409,4.213097643238938,4.062922239303589,4.067978327297321,0.1431140899658203,0.14511931594161742
512,0,623,4.34879207611084,4.213315451317384,4.204388618469238,4.068197284426008,0.14440345764160156,0.14511816689137663
512,0,624,4.072612047195435,4.213089965092831,3.9291183948516846,4.067974401590152,0.14349365234375,0.1451155635026785
512,0,625,4.523055791854858,4.21358591041565,4.380176544189453,4.068473925018311,0.14287924766540527,0.14511198539733886
512,0,626,4.304378032684326,4.213730945754737,4.161373853683472,4.068622327460267,0.1430041790008545,0.14510861829446908
512,0,627,4.225619077682495,4.2137499060927395,4.08168625831604,4.068643163075667,0.14393281936645508,0.14510674301707194
512,0,628,4.426511526107788,4.214088698481299,4.279563903808594,4.06897902412779,0.14694762229919434,0.14510967435350844
512,0,629,4.380048036575317,4.214352544805772,4.234261989593506,4.069241795138069,0.14578604698181152,0.14511074966770288
512,0,630,4.226335048675537,4.2143715646531845,4.083321809768677,4.069264144367642,0.14301323890686035,0.1451074202855428
512,0,631,4.13277006149292,4.214242243729,3.9891879558563232,4.069137240740841,0.14358210563659668,0.14510500298815937
512,0,632,4.152655601501465,4.214144796510286,4.009556770324707,4.069042967844613,0.1430988311767578,0.14510182866567298
512,0,633,4.258360385894775,4.214214647362394,4.111763000488281,4.0691104560478415,0.14659738540649414,0.14510419131455263
512,0,634,4.379199028015137,4.21447487509213,4.232640266418457,4.069368389502685,0.1465587615966797,0.14510648558944558
512,0,635,4.444041728973389,4.214836397696668,4.298157215118408,4.069728686865859,0.14588451385498047,0.14510771083080862
512,0,636,4.47493052482605,4.215245350726746,4.327644109725952,4.070134214260293,0.14728641510009766,0.14511113646645216
512,0,637,4.251818418502808,4.215302765275844,4.108398914337158,4.070194284433098,0.14341950416564941,0.14510848084274602
512,0,638,4.145367860794067,4.2151931494380985,4.001772165298462,4.07008703973226,0.14359569549560547,0.1451061097058383
512,0,639,4.188260316848755,4.215151001030291,4.044022083282471,4.070046249503075,0.14423823356628418,0.14510475152721614
512,0,640,4.290207147598267,4.215268276259303,4.1460700035095215,4.070165036618709,0.14413714408874512,0.14510323964059352
512,0,641,4.03399920463562,4.214985485195927,3.8903543949127197,4.069884520797015,0.1436448097229004,0.14510096439891226
512,0,642,4.49659538269043,4.215424129896075,4.353779315948486,4.0703267245277805,0.14281606674194336,0.14509740536829394
512,0,643,4.167156457901001,4.215349063532163,4.023638486862183,4.070254114515859,0.14351797103881836,0.14509494901630407
512,0,644,4.147187948226929,4.215243223291006,4.004032850265503,4.070151286465781,0.14315509796142578,0.14509193682522506
512,0,645,4.302310943603516,4.215378212004669,4.1577653884887695,4.070287122282871,0.1445455551147461,0.14509108972179796
512,0,646,4.218902349472046,4.215383667325826,4.0756237506866455,4.070295383317552,0.1432785987854004,0.14508828400827414
512,0,647,4.565413236618042,4.215924671296912,4.422081708908081,4.070839102522483,0.14333152770996094,0.14508556877442821
512,0,648,4.256698369979858,4.215987593671422,4.1134397983551025,4.07090484433704,0.14325857162475586,0.14508274933438242
512,0,649,4.286293983459473,4.216095924010078,4.142688512802124,4.071015450914027,0.14360547065734863,0.1450804730960511
512,0,650,4.2593092918396,4.216162406114432,4.11600923538208,4.071084672120901,0.14330005645751953,0.14507773399353027
512,0,651,4.208919286727905,4.216151279970981,4.0652687549591064,4.071075738300376,0.14365053176879883,0.1450755416706044
512,0,652,4.1794493198394775,4.2160949886210854,4.035372734069824,4.071020979091434,0.14407658576965332,0.14507400952965205
512,0,653,4.196079730987549,4.216064337384281,4.05286717414856,4.070993178471307,0.14321255683898926,0.14507115891297415
512,0,654,4.179783821105957,4.216008862588748,4.036900281906128,4.070941048660045,0.1428835391998291,0.1450678139287033
512,0,655,4.209595680236816,4.2159990714706534,4.066059589385986,4.070933596050466,0.14353609085083008,0.14506547542018744
512,0,656,4.55008602142334,4.216508350357777,4.406616449356079,4.071445307717091,0.14346957206726074,0.14506304264068604
512,0,657,4.78337287902832,4.217371157859558,4.639566421508789,4.072310027829407,0.14380645751953125,0.14506113003015156
512,0,658,4.611750841140747,4.2179705190803505,4.467597961425781,4.072910769369827,0.14415287971496582,0.1450597497105236
512,0,659,4.589868545532227,4.218534855994542,4.446093559265137,4.073477055849183,0.14377498626708984,0.14505780014535907
512,0,660,4.623664140701294,4.219148688244097,4.480435371398926,4.074093659357591,0.14322876930236816,0.14505502888650607
512,0,661,4.539741277694702,4.219633699725868,4.396289348602295,4.074581096103801,0.14345192909240723,0.14505260362206718
512,0,662,4.497710466384888,4.220053755264628,4.354463815689087,4.075003879668129,0.14324665069580078,0.1450498755964988
512,0,663,4.498793125152588,4.2204741766370075,4.354335308074951,4.075425194039783,0.14445781707763672,0.14504898259722449
512,0,664,4.350304841995239,4.220669704747488,4.206013441085815,4.07562186308654,0.14429140090942383,0.1450478416609477
512,0,665,4.195603370666504,4.220632011012027,4.051342725753784,4.075585353105588,0.14426064491271973,0.14504665790643906
512,0,666,4.258718490600586,4.2206891979183165,4.115196704864502,4.075644829609731,0.14352178573608398,0.1450443683085857
512,0,667,4.376911640167236,4.220923414473412,4.233117580413818,4.0758809206903965,0.14379405975341797,0.14504249378301573
512,0,668,4.4190473556518555,4.221220007199728,4.275570631027222,4.076179857382518,0.1434767246246338,0.14504014981720975
512,0,669,4.370982646942139,4.221443867647772,4.227355241775513,4.0764058295564976,0.14362740516662598,0.14503803809127466
512,0,670,4.252753734588623,4.22149059879246,4.108764410018921,4.076454125945248,0.14398932456970215,0.1450364728472126
512,0,671,4.462740182876587,4.221850136175596,4.319117307662964,4.076815770031265,0.14362287521362305,0.14503436614433096
512,0,672,4.373662710189819,4.2220760477440695,4.229957103729248,4.077043658920696,0.1437056064605713,0.14503238882337297
512,0,673,4.512720346450806,4.222507911486576,4.368825197219849,4.077477212469432,0.14389514923095703,0.14503069901714352
512,0,674,4.666027307510376,4.223165952133495,4.521336555480957,4.078135757488737,0.14469075202941895,0.1450301946447582
512,0,675,4.604468584060669,4.223730844921536,4.461292266845703,4.078703396761859,0.14317631721496582,0.14502744815967702
512,0,676,4.484410524368286,4.22411646574912,4.3408520221710205,4.079091190586428,0.14355850219726562,0.1450252751626912
512,0,677,4.442368984222412,4.224438847608017,4.298192024230957,4.0794148254958005,0.14417695999145508,0.14502402211221668
512,0,678,4.335819244384766,4.224603125479369,4.191388368606567,4.0795799782142526,0.14443087577819824,0.14502314726511636
512,0,679,4.11532187461853,4.224442181074567,3.9711265563964844,4.079420252998026,0.1441953182220459,0.14502192807654044
512,0,680,4.273932218551636,4.224514960541445,4.130418062210083,4.079495249776279,0.14351415634155273,0.14501971076516545
512,0,681,4.122886657714844,4.22436572661659,3.980269432067871,4.079349543729718,0.14261722564697266,0.14501618288687146
512,0,682,4.302369594573975,4.224480101789547,4.156779766082764,4.079463077780089,0.14558982849121094,0.14501702400945848
512,0,683,4.3328752517700195,4.224638806255111,4.189119815826416,4.0796236293731285,0.14375543594360352,0.14501517688198284
512,0,684,4.375742435455322,4.224859717993708,4.23296332359314,4.079847810212632,0.14277911186218262,0.1450119077810767
512,0,685,4.432079076766968,4.225162228006516,4.288450241088867,4.0801523393088015,0.14362883567810059,0.1450098886977147
512,0,686,4.569318056106567,4.2256639128871285,4.425850868225098,4.080656273024423,0.14346718788146973,0.1450076398627056
512,0,687,4.516334056854248,4.226087013533369,4.37273645401001,4.081081426126294,0.14359760284423828,0.14500558740707464
512,0,688,4.360260009765625,4.226282032423241,4.216806173324585,4.081278700468152,0.14345383644104004,0.14500333195508913
512,0,689,4.464277029037476,4.226627453318182,4.321105003356934,4.081626779282214,0.143172025680542,0.14500067403596786
512,0,690,4.219111204147339,4.226616560203442,4.075308799743652,4.081617622790129,0.14380240440368652,0.14499893741331238
512,0,691,4.379179954528809,4.226837346591756,4.235241413116455,4.081839943760211,0.14393854141235352,0.14499740283154544
512,0,692,4.322653293609619,4.226975808942938,4.1780686378479,4.081979002566696,0.14458465576171875,0.14499680637624224
512,0,693,4.337736129760742,4.2271356362457055,4.193380355834961,4.082139754880214,0.14435577392578125,0.14499588136549119
512,0,694,4.349555969238281,4.227312034420047,4.204332113265991,4.082315824560886,0.14522385597229004,0.14499620985916092
512,0,695,4.262248992919922,4.227362303425082,4.118234157562256,4.082367505615563,0.14401483535766602,0.1449947978095185
512,0,696,4.169342756271362,4.227278942006758,4.026020288467407,4.082286546970236,0.14332246780395508,0.144992395036522
512,0,697,4.235377788543701,4.22729056158572,4.0917580127716064,4.082300135873824,0.14361977577209473,0.14499042571189585
512,0,698,4.360733985900879,4.2274817412767165,4.21739387512207,4.082493679912862,0.1433401107788086,0.14498806136385417
512,0,699,4.508159399032593,4.227883282990244,4.364713907241821,4.082897428449813,0.14344549179077148,0.1449858545404306
512,0,700,4.401466131210327,4.228131258487701,4.2574803829193115,4.083146832670484,0.14398574829101562,0.14498442581721716
512,0,701,4.469604969024658,4.228475728830835,4.323714017868042,4.083490009824832,0.1458909511566162,0.14498571900600374
512,0,702,4.269001245498657,4.228533457487057,4.125712871551514,4.0835501563515075,0.14328837394714355,0.14498330113554952
512,0,703,4.137476682662964,4.228403931491576,3.99385142326355,4.083422562136589,0.14362525939941406,0.144981369354986
512,0,704,4.126055479049683,4.228258550167084,3.98337984085083,4.083280455998399,0.14267563819885254,0.1449780941686847
512,0,705,4.216310024261475,4.228241601903388,4.07220983505249,4.083264752989965,0.14410018920898438,0.14497684891342272
512,0,706,4.302140712738037,4.22834627486491,4.158964395523071,4.083371976279672,0.14317631721496582,0.14497429858523794
512,0,707,4.395964860916138,4.2285833591450395,4.252238988876343,4.0836108263682105,0.14372587203979492,0.14497253277682853
512,0,708,4.3326427936553955,4.228730335747455,4.189055681228638,4.0837597597790305,0.1435871124267578,0.14497057596842447
512,0,709,4.230930805206299,4.228733439371515,4.08489990234375,4.083761367878558,0.14603090286254883,0.1449720714929578
512,0,710,4.241794586181641,4.228751835352938,4.097738742828369,4.083781054322149,0.14405584335327148,0.14497078103078923
512,0,711,4.1481499671936035,4.228638471262699,4.004323244094849,4.0836692993147965,0.14382672309875488,0.1449691719479031
512,0,712,4.092919111251831,4.228447854184033,3.9496254920959473,4.083481035540613,0.1432936191558838,0.14496681864341993
512,0,713,4.143371820449829,4.228328532958599,4.000137567520142,4.083364144281117,0.1432342529296875,0.14496438867748201
512,0,714,4.253339052200317,4.228363561697034,4.110138654708862,4.083401643595442,0.14320039749145508,0.14496191810159123
512,0,715,4.622880697250366,4.22891533391459,4.479112386703491,4.083955085194194,0.143768310546875,0.1449602487203958
512,0,716,4.466645240783691,4.229247358924184,4.323053598403931,4.084289021665158,0.14359164237976074,0.1449583372590262
512,0,717,4.51689887046814,4.229648546527453,4.373831272125244,4.084692846282256,0.1430675983428955,0.1449557002451962
512,0,718,4.511139392852783,4.23004059505994,4.367297649383545,4.085086446286576,0.14384174346923828,0.14495414877336338
512,0,719,4.358513832092285,4.230219278282515,4.214651346206665,4.0852666478163675,0.14386248588562012,0.14495263046614815
512,0,720,4.123662710189819,4.230071283049054,3.979200839996338,4.085119334194395,0.14446187019348145,0.14495194885465834
512,0,721,4.247773885726929,4.230095835896041,4.104655504226685,4.0851464301306395,0.14311838150024414,0.14494940576540116
512,0,722,4.2548065185546875,4.230130061218283,4.1100218296051025,4.085180883592516,0.14478468894958496,0.1449491776257671
512,0,723,4.1832404136657715,4.230065206933978,4.040359973907471,4.085118890633062,0.14288043975830078,0.1449463163009158
512,0,724,4.274884223937988,4.230127111653596,4.131266117095947,4.085182629896132,0.14361810684204102,0.14494448175746433
512,0,725,4.201122045516968,4.230087104665822,4.0566065311431885,4.085143214587507,0.1445155143737793,0.14494389007831443
512,0,726,4.0993640422821045,4.2299070453512435,3.956481695175171,4.084965994863799,0.1428823471069336,0.14494105048744474
512,0,727,4.050477504730225,4.229660237179825,3.9070992469787598,4.08472133633851,0.14337825775146484,0.14493890084131547
512,0,728,4.1381425857543945,4.229534526120175,3.9948103427886963,4.084597832226491,0.14333224296569824,0.14493669389368413
512,0,729,4.008055925369263,4.229230714596511,3.8642215728759766,4.084295532830948,0.14383435249328613,0.1449351817655629
512,0,730,4.251439332962036,4.229261137361396,4.107347011566162,4.084327110199079,0.14409232139587402,0.14493402716231674
512,0,731,4.117227077484131,4.2291078759935745,3.973271131515503,4.084175186835627,0.14395594596862793,0.1449326891579478
512,0,732,4.099485635757446,4.22893079643041,3.9558000564575195,4.083999810974454,0.14368557929992676,0.14493098545595595
512,0,733,4.120365858078003,4.228782686009739,3.9768154621124268,4.083853584031941,0.14355039596557617,0.14492910197779718
512,0,734,4.205508232116699,4.2287509769444895,4.061660528182983,4.08382334826103,0.14384770393371582,0.1449276286834592
512,0,735,4.205954551696777,4.228719961399935,4.062268495559692,4.083794021930824,0.14368605613708496,0.1449259394691104
512,0,736,4.221239328384399,4.228709797496381,4.077810049057007,4.083785891532898,0.14342927932739258,0.14492390596348306
512,0,737,4.18985915184021,4.228657082916114,4.046351909637451,4.0837350991558345,0.1435072422027588,0.1449219837602799
512,0,738,4.194938898086548,4.228611394318785,4.051750183105469,4.083691759161186,0.1431887149810791,0.14491963515759806
512,0,739,4.188906192779541,4.228557666035241,4.0453925132751465,4.0836399333886755,0.14351367950439453,0.14491773264656532
512,0,740,4.1262335777282715,4.228419390240231,3.9821462631225586,4.083502779780208,0.1440873146057129,0.14491661046002363
512,0,741,4.216178894042969,4.2284028713519755,4.071497678756714,4.083486578564251,0.14468121528625488,0.14491629278772433
512,0,742,4.2820892333984375,4.22847522493964,4.139013051986694,4.083561412086384,0.14307618141174316,0.14491381285325536
512,0,743,4.3366780281066895,4.228620854553593,4.193519592285156,4.0837094042535425,0.1431584358215332,0.14491145030004982
512,0,744,4.341013669967651,4.228771920165708,4.19793438911438,4.083862932459001,0.14307928085327148,0.14490898770670738
512,0,745,4.2606799602508545,4.228814749749715,4.117207050323486,4.083907689664188,0.14347290992736816,0.14490706008552706
512,0,746,4.204080820083618,4.228781594348018,4.060726642608643,4.083876615874569,0.14335417747497559,0.14490497847344855
512,0,747,4.178954601287842,4.228714891546063,4.035294532775879,4.0838115796187475,0.1436600685119629,0.14490331192731537
512,0,748,4.1895668506622314,4.22866255459301,4.0457680225372314,4.083760719248318,0.143798828125,0.14490183534469198
512,0,749,4.162459135055542,4.228574165514855,4.0184245109558105,4.083673487995591,0.14403462409973145,0.14490067751926478
512,0,750,4.448031663894653,4.228866775512695,4.30400013923645,4.083967256863912,0.14403152465820312,0.14489951864878337
512,0,751,4.462663173675537,4.229178088958984,4.319345712661743,4.084280676911579,0.14331746101379395,0.14489741204740522
512,0,752,4.476701498031616,4.229507242428496,4.333568334579468,4.08461217645635,0.14313316345214844,0.14489506597214558
512,0,753,4.4559619426727295,4.2298079790822065,4.312506437301636,4.084914824877127,0.14345550537109375,0.1448931542050791
512,0,754,4.515176773071289,4.2301864522837835,4.372068881988525,4.085295665801678,0.14310789108276367,0.1448907864821052
512,0,755,4.5726704597473145,4.230640073485722,4.429602384567261,4.085751701190771,0.1430680751800537,0.14488837229495016
512,0,756,4.503119230270386,4.231000495650781,4.3573832511901855,4.086111002182834,0.1457359790802002,0.14488949346794652
512,0,757,4.403512477874756,4.231228384662965,4.259764671325684,4.0863403993679634,0.14374780654907227,0.1448879852950022
512,0,758,4.452519178390503,4.231520325024084,4.308050632476807,4.086632893079189,0.1444685459136963,0.14488743194489492
512,0,759,4.193811893463135,4.231470643296072,4.049319505691528,4.086583731830984,0.14449238777160645,0.14488691146508823
512,0,760,4.182089328765869,4.231405667882217,4.038689851760864,4.086520713567734,0.14339947700500488,0.14488495431448284
512,0,761,4.236716270446777,4.231412646334996,4.092954397201538,4.086529167816924,0.14376187324523926,0.1448834785180712
512,0,762,4.182862043380737,4.231348931632956,4.0392138957977295,4.086467074284091,0.1436481475830078,0.1448818573488651
512,0,763,4.283650636672974,4.23141747908386,4.139765024185181,4.08653692742944,0.14388561248779297,0.1448805516544207
512,0,764,4.142866134643555,4.23130157418276,3.9989511966705322,4.086422286420593,0.14391493797302246,0.14487928776216757
512,0,765,4.292864561080933,4.231382048675437,4.148754358291626,4.086503766253103,0.14411020278930664,0.14487828242233375
512,0,766,4.262381076812744,4.231422517380578,4.118179559707642,4.08654511846388,0.14420151710510254,0.14487739891669768
512,0,767,4.167351722717285,4.231338983098095,4.0238893032073975,4.086463429004614,0.1434624195098877,0.14487555409348152
512,0,768,4.045613765716553,4.231097153387964,3.902604818344116,4.086224029771984,0.14300894737243652,0.14487312361598015
512,0,769,4.080618619918823,4.230901472590214,3.9369611740112305,4.086029929829512,0.14365744590759277,0.14487154276070266
512,0,770,3.991715669631958,4.230590841677282,3.848276376724243,4.085721158981324,0.14343929290771484,0.1448696826959585
512,0,771,3.9477477073669434,4.230223989363001,3.803699254989624,4.085355371816613,0.14404845237731934,0.1448686175463883
512,0,772,4.041924715042114,4.229980078385902,3.8985605239868164,4.085113409578492,0.14336419105529785,0.1448666688074102
512,0,773,4.046878814697266,4.229743207410884,3.9029440879821777,4.08487774422067,0.1439347267150879,0.14486546319021446
512,0,774,4.115847110748291,4.229596054831217,3.9724998474121094,4.0847325531395215,0.14334726333618164,0.144863501691695
512,0,775,4.15141224861145,4.22949517250061,4.008075475692749,4.084633640781526,0.14333677291870117,0.1448615317190847
512,0,776,4.2727720737457275,4.229550941703246,4.129354238510132,4.084691270417774,0.1434178352355957,0.14485967128547197
512,0,777,4.04911994934082,4.22931872678386,3.9056499004364014,4.084460843944181,0.14347004890441895,0.1448578828396791
512,0,778,4.191704273223877,4.229270379157176,4.048436164855957,4.084414539729415,0.14326810836791992,0.14485583942776167
512,0,779,4.2083821296691895,4.229243564972982,4.06510329246521,4.084389749938318,0.1432788372039795,0.1448538150346631
512,0,780,4.138349533081055,4.229127034162864,3.995143175125122,4.084275331252661,0.14320635795593262,0.1448517029102032
512,0,781,4.284154653549194,4.229197492062206,4.141000032424927,4.084347962112036,0.14315462112426758,0.14484952995017
512,0,782,4.308877468109131,4.229299384614695,4.16595458984375,4.084452318413483,0.14292287826538086,0.14484706620121246
512,0,783,4.25700306892395,4.229334766076138,4.114064455032349,4.084490137234197,0.14293861389160156,0.14484462884194094
512,0,784,4.330456733703613,4.229463748177704,4.186781883239746,4.0846206114000205,0.1436748504638672,0.14484313677768318
512,0,785,4.327130079269409,4.229588163886101,4.183331489562988,4.084746357741629,0.1437985897064209,0.14484180614447137
512,0,786,4.16139030456543,4.229501398161774,4.018455505371094,4.084662018234797,0.14293479919433594,0.14483937992697757
512,0,787,4.206867456436157,4.229472638388298,4.063509225845337,4.084635140480807,0.1433582305908203,0.1448374979074907
512,0,788,4.169402360916138,4.229396407071709,4.0251336097717285,4.08455963092407,0.14426875114440918,0.1448367761476391
512,0,789,4.126524209976196,4.229266024058914,3.9829750061035156,4.084430879815299,0.14354920387268066,0.14483514424361504
512,0,790,4.129971027374268,4.229140334189692,3.986093044281006,4.08430640154247,0.14387798309326172,0.14483393264722222
512,0,791,4.057267189025879,4.228923048291888,3.9137372970581055,4.084090764242237,0.14352989196777344,0.1448322840496502
512,0,792,4.058323621749878,4.228707644975547,3.9142279624938965,4.083876291007707,0.14409565925598145,0.14483135396784003
512,0,793,4.016758680343628,4.228440370114725,3.872875928878784,4.083610212366938,0.14388275146484375,0.1448301577477858
512,0,794,4.182996034622192,4.228383135435263,4.0384345054626465,4.0835533160106365,0.1445615291595459,0.1448298194246268
512,0,795,4.329592943191528,4.228510443369548,4.18624210357666,4.083682484296883,0.14335083961486816,0.14482795907266485
512,0,796,4.182009935379028,4.228452025645941,4.037099599838257,4.083623963085251,0.14491033554077148,0.1448280625606901
512,0,797,4.258176565170288,4.228489321178594,4.113481760025024,4.083661425816668,0.14469480514526367,0.14482789536192545
512,0,798,4.1071600914001465,4.228337279537268,3.963430166244507,4.083510760077856,0.14372992515563965,0.1448265194594113
512,0,799,4.0796802043914795,4.228151225625947,3.935955047607422,4.083326084592913,0.14372515678405762,0.14482514103303415
512,0,800,4.012475967407227,4.227881631553173,3.8692705631256104,4.0830585151910785,0.1432054042816162,0.14482311636209488
512,0,801,4.106048583984375,4.2277295303701905,3.9613940715789795,4.082906624499927,0.1446545124053955,0.1448229058702638
512,0,802,4.226109743118286,4.227727510685338,4.082636833190918,4.082906288101786,0.14347290992736816,0.14482122258355196
512,0,803,4.129297733306885,4.227604933129449,3.985710859298706,4.082785247717224,0.1435868740081787,0.1448196854122252
512,0,804,4.144259691238403,4.227501269893267,4.000684022903442,4.082683131765964,0.14357566833496094,0.14481813812730324
512,0,805,4.271016836166382,4.227555326497333,4.127183198928833,4.082738411352501,0.14383363723754883,0.1448169151448315
512,0,806,4.108443737030029,4.227407545368961,3.964806079864502,4.08259209332336,0.14363765716552734,0.1448154520456016
512,0,807,4.248213768005371,4.227433327553145,4.104930639266968,4.082619774297267,0.14328312873840332,0.1448135532558777
512,0,808,4.1648924350738525,4.227355925458492,4.021089792251587,4.082543623329389,0.14380264282226562,0.1448123021291034
512,0,809,4.167322874069214,4.227281718967282,4.023502349853516,4.08247064276885,0.14382052421569824,0.1448110761984317
512,0,810,4.052634000778198,4.2270661045003814,3.9090771675109863,4.082256576750013,0.14355683326721191,0.14480952775036848
512,0,811,4.074385166168213,4.2268778419377036,3.929819345474243,4.082068614689255,0.14456582069396973,0.14480922724844936
512,0,812,4.142113208770752,4.22677345199538,3.998239517211914,4.0819653768844795,0.1438736915588379,0.14480807511090057
512,0,813,4.286150932312012,4.22684648702652,4.14174485206604,4.0820389063742475,0.14440608024597168,0.14480758065227212
512,0,814,4.29574179649353,4.2269311249988375,4.160060167312622,4.082134755589159,0.1356816291809082,0.14479636940967833
512,0,815,4.374827146530151,4.227112592509919,4.22939395904541,4.08231544172837,0.1454331874847412,0.14479715078154956
512,0,816,4.231626272201538,4.227118123980129,4.086851596832275,4.0823210007419775,0.1447746753692627,0.14479712323815214
512,0,817,4.03778600692749,4.226886383322782,3.8920388221740723,4.082088097218638,0.14574718475341797,0.14479828610414391
512,0,818,4.100129842758179,4.226731424226737,3.955489158630371,4.081933330790046,0.14464068412780762,0.14479809343669117
512,0,819,4.216796159744263,4.226719293256673,4.07102370262146,4.081920010120732,0.14577245712280273,0.14479928313594162
512,0,820,4.342936038970947,4.22686102099535,4.197383642196655,4.082060819428142,0.145552396774292,0.14480020156720788
512,0,821,4.129417896270752,4.226742332658292,3.984412908554077,4.081941881656066,0.1450049877166748,0.14480045100222552
512,0,822,4.212878227233887,4.226725466349989,4.069565773010254,4.081926825562823,0.1433124542236328,0.1447986407871664
512,0,823,4.378183841705322,4.226909498397808,4.233966827392578,4.082111564325678,0.14421701431274414,0.14479793407213065
512,0,824,4.399404048919678,4.227118836444559,4.256381034851074,4.082323056401559,0.14302301406860352,0.14479578004300014
512,0,825,4.357711553573608,4.227277130647139,4.2148118019104,4.082483648820357,0.142899751663208,0.14479348182678223
512,0,826,4.477401256561279,4.2275799443589,4.343557834625244,4.08279971926322,0.13384342193603516,0.14478022509567962
512,0,827,4.572996377944946,4.22799761840193,4.4390952587127686,4.083230548210559,0.13390111923217773,0.14476707019137067
512,0,828,4.338779926300049,4.228131413459778,4.195742845535278,4.083366432627618,0.1430370807647705,0.1447649808321598
512,0,829,4.479720592498779,4.22843489859734,4.335137367248535,4.0836701370119615,0.14458322525024414,0.14476476158537824
512,0,830,4.480464696884155,4.228738548956722,4.337268352508545,4.083975677030632,0.14319634437561035,0.14476287192608936
512,0,831,4.524277925491333,4.22909419200911,4.378360748291016,4.0843299310273355,0.14591717720031738,0.14476426098177436
512,0,832,4.364615201950073,4.229257077838366,4.220434904098511,4.0844935187353535,0.1441802978515625,0.14476355910301208
512,0,833,4.425043106079102,4.2294921150871545,4.281836271286011,4.084730424800841,0.14320683479309082,0.1447616902863135
512,0,834,4.461569547653198,4.229770385389991,4.317137718200684,4.085009090620265,0.14443182945251465,0.1447612947697262
512,0,835,4.384401082992554,4.229955571854187,4.240641832351685,4.085195477137309,0.14375925064086914,0.14476009471687729
512,0,836,4.5160017013549805,4.230297732296172,4.371387481689453,4.085537812070983,0.14461421966552734,0.14475992022518908
512,0,837,4.408254146575928,4.230510344499613,4.2639265060424805,4.085750940737616,0.14432764053344727,0.14475940376199703
512,0,838,4.486499547958374,4.230815820876056,4.351860284805298,4.086068493654165,0.13463926315307617,0.1447473272218909
512,0,839,4.399304389953613,4.231016641578175,4.25449275970459,4.08626923771382,0.14481163024902344,0.14474740386435472
512,0,840,4.518451929092407,4.2313588264442625,4.374717473983765,4.086612628471284,0.14373445510864258,0.14474619797297886
512,0,841,4.382543325424194,4.2315385939816945,4.238572359085083,4.08679331780614,0.14397096633911133,0.14474527617555452
512,0,842,4.514725685119629,4.231874920693259,4.371578693389893,4.087131542717759,0.14314699172973633,0.1447433779755001
512,0,843,4.463931083679199,4.232150194907953,4.3203935623168945,4.087408247367343,0.1435375213623047,0.144741947540609
512,0,844,4.361347436904907,4.232303272208896,4.217371940612793,4.0875622327858805,0.14397549629211426,0.144741039423016
512,0,845,4.459333658218384,4.232571947221926,4.316151857376099,4.087832753051668,0.14318180084228516,0.14473919417025774
512,0,846,4.521649599075317,4.232913646573998,4.377669095993042,4.088175349201716,0.1439805030822754,0.14473829737228142
512,0,847,4.513610124588013,4.233245047374487,4.369659662246704,4.088507680149822,0.1439504623413086,0.14473736722466515
512,0,848,4.484033107757568,4.233540788011731,4.340401649475098,4.0888047249249695,0.1436314582824707,0.14473606308676162
512,0,849,4.419227361679077,4.233759500112635,4.2755537033081055,4.089024688385963,0.14367365837097168,0.14473481172667235
512,0,850,4.402031421661377,4.233957467079162,4.2589192390441895,4.089224564327913,0.1431121826171875,0.14473290275124942
512,0,851,4.414736270904541,4.234169898105985,4.271185398101807,4.089438384344099,0.14355087280273438,0.14473151376188573
512,0,852,4.488433122634888,4.23446832912069,4.344890832901001,4.089738211161654,0.14354228973388672,0.14473011795903595
512,0,853,4.431509017944336,4.234699326411222,4.287224292755127,4.089969730600802,0.14428472518920898,0.1447295958104195
512,0,854,4.41217041015625,4.234907137984694,4.268709897994995,4.090179028220701,0.14346051216125488,0.14472810976399192
512,0,855,4.451399326324463,4.235160345222518,4.30780816078186,4.090433565217849,0.14359116554260254,0.14472678000466865
512,0,856,4.4899983406066895,4.235458053161051,4.346933603286743,4.090733214795033,0.1430647373199463,0.14472483836601827
512,0,857,4.549137830734253,4.23582407390501,4.414361000061035,4.091110843482624,0.13477683067321777,0.14471323042238607
512,0,858,4.9820756912231445,4.236693831034751,4.847687721252441,4.091992634715456,0.13438796997070312,0.14470119631929554
512,0,859,4.599655628204346,4.2371163709616075,4.456090211868286,4.092416496854167,0.14356541633605957,0.14469987410744078
512,0,860,4.444970607757568,4.237358061934626,4.300482273101807,4.092658433803292,0.14448833465576172,0.14469962813133416
512,0,861,4.435780763626099,4.237588518034151,4.2918174266815186,4.09288974506099,0.14396333694458008,0.14469877297316142
512,0,862,4.556245803833008,4.23795819005944,4.413423776626587,4.093261594285544,0.1428220272064209,0.14469659577389604
512,0,863,4.451568841934204,4.2382057110929,4.306361675262451,4.093508523695715,0.14520716667175293,0.1446971873971844
512,0,864,4.587319612503052,4.238609778108421,4.4414660930633545,4.093911252363965,0.14585351943969727,0.14469852574445582
512,0,865,4.500056743621826,4.238912028935604,4.354193449020386,4.094212156637556,0.14586329460144043,0.14469987229804773
512,0,866,4.439847946166992,4.239144056553654,4.293794631958008,4.094442621389658,0.14605331420898438,0.1447014351639957
512,0,867,4.268022775650024,4.239177365341538,4.124868631362915,4.094477714826766,0.14315414428710938,0.14469965051477204
512,0,868,4.509999990463257,4.239489372974167,4.36643385887146,4.094791028356772,0.14356613159179688,0.14469834461739536
512,0,869,4.467625379562378,4.239751900024326,4.322851657867432,4.095053468666911,0.1447737216949463,0.14469843135741556
512,0,870,4.4243552684783936,4.239964087804158,4.280706882476807,4.095266863395428,0.14364838600158691,0.1446972244087307
512,0,871,4.456318140029907,4.240212485108666,4.311298608779907,4.095514890657637,0.14501953125,0.14469759445102837
512,0,872,4.524087905883789,4.240538030315976,4.379628658294678,4.095840709198505,0.14445924758911133,0.1446973211174711
512,0,873,4.497392654418945,4.240832250962143,4.353480577468872,4.0961358293225265,0.14391207695007324,0.14469642163961613
512,0,874,4.530734300613403,4.241163946671126,4.386390447616577,4.096467928428126,0.14434385299682617,0.14469601824299969
512,0,875,4.543370962142944,4.24150932611738,4.400282382965088,4.096815144947597,0.14308857917785645,0.14469418116978236
512,0,876,4.737062692642212,4.242075026307476,4.592684984207153,4.097381206407939,0.1443777084350586,0.14469381989953725
512,0,877,4.389286041259766,4.2422428837931685,4.245922803878784,4.097550581091486,0.14336323738098145,0.14469230270168257
512,0,878,4.372634410858154,4.242391393505088,4.228288173675537,4.097699484955477,0.1443462371826172,0.14469190854961073
512,0,879,4.399680137634277,4.242570334055861,4.255702018737793,4.097879237553637,0.14397811889648438,0.14469109650222378
512,0,880,4.411489486694336,4.242762287638404,4.267557144165039,4.098072053356604,0.14393234252929688,0.1446902342818
512,0,881,4.4837987422943115,4.243035881798059,4.339648723602295,4.0983462607008105,0.1441500186920166,0.14468962109724862
512,0,882,4.37196683883667,4.243182062021459,4.228291749954224,4.098493591187492,0.1436750888824463,0.14468847083396652
512,0,883,4.44643235206604,4.243412243550388,4.30220103263855,4.098724290441684,0.14423131942749023,0.1446879531087044
512,0,884,4.7735512256622314,4.244011948281283,4.62929630279541,4.099324485025794,0.1442549228668213,0.14468746325548956
512,0,885,4.47624397277832,4.2442743573485116,4.332714796066284,4.099588202891376,0.14352917671203613,0.1446861544571354
512,0,886,4.501947402954102,4.244565184713755,4.358351469039917,4.099880260753847,0.14359593391418457,0.1446849239599086
512,0,887,4.508165121078491,4.244862366152724,4.364749908447266,4.100178873659927,0.14341521263122559,0.1446834924927962
512,0,888,4.513009786605835,4.24516433396855,4.369311332702637,4.100481950753444,0.14369845390319824,0.1446823832151052
512,0,889,4.443814992904663,4.245387788028094,4.301127910614014,4.100707649245975,0.14268708229064941,0.14468013878211933
512,0,890,4.462782382965088,4.245632051617911,4.31900429725647,4.100952926378572,0.14377808570861816,0.1446791252393401
512,0,891,4.568296909332275,4.245994189505358,4.4247965812683105,4.101316387270704,0.14350032806396484,0.14467780223465393
512,0,892,4.5640647411346436,4.246350770841265,4.420739412307739,4.1016744848324045,0.1433253288269043,0.1446762860088605
512,0,893,4.634077072143555,4.246784954829285,4.4911208152771,4.102110594944884,0.14295625686645508,0.14467435988440092
512,0,894,4.430915355682373,4.246990917246347,4.287402629852295,4.102317856728897,0.14351272583007812,0.14467306051744977
512,0,895,4.8529791831970215,4.247667999107744,4.7182676792144775,4.10300606882106,0.13471150398254395,0.1446619302866845
512,0,896,4.401644468307495,4.2478398478456905,4.258360147476196,4.103179455069559,0.14328432083129883,0.14466039277613163
512,0,897,4.3313822746276855,4.24793298321557,4.187032222747803,4.1032729364159115,0.1443500518798828,0.14466004679965866
512,0,898,4.513900279998779,4.248229160606197,4.370250225067139,4.103570238519087,0.14365005493164062,0.14465892208711076
512,0,899,4.610618829727173,4.248632263686421,4.466507196426392,4.103973950374378,0.14411163330078125,0.14465831331204254
512,0,900,4.581465721130371,4.249002078639136,4.438257217407227,4.104345376226637,0.14320850372314453,0.1446567024124993
512,0,901,4.568761348724365,4.249356972390618,4.425232172012329,4.104701521393991,0.14352917671203613,0.14465545099662755
512,0,902,4.576364517211914,4.249719508471352,4.432490348815918,4.105064923641687,0.1438741683959961,0.14465458482966453
512,0,903,4.514307498931885,4.250012518427565,4.370355844497681,4.105358712036876,0.1439516544342041,0.1446538063906884
512,0,904,4.4637908935546875,4.250248998931024,4.319924592971802,4.105596063675079,0.14386630058288574,0.14465293525594525
512,0,905,4.526446580886841,4.250554189629318,4.382250547409058,4.105901759237216,0.1441960334777832,0.144652430392102
512,0,906,4.411272048950195,4.250731582410025,4.2674901485443115,4.106080112867797,0.1437819004058838,0.14465146954222757
512,0,907,4.5784547328948975,4.251092908926546,4.434727430343628,4.106442458311541,0.14372730255126953,0.1446504506150049
512,0,908,4.360888481140137,4.251213829160262,4.2166337966918945,4.106563814411079,0.1442546844482422,0.1446500147491825
512,0,909,4.307915449142456,4.2512762071800445,4.164409399032593,4.106627450917814,0.14350605010986328,0.14464875626223053
512,0,910,4.2986063957214355,4.251328218376243,4.154994249343872,4.106680601245754,0.14361214637756348,0.14464761713048915
512,0,911,4.373153448104858,4.2514619453024,4.229241371154785,4.106815135570572,0.14391207695007324,0.14464680973182786
512,0,912,4.398343086242676,4.25162299918501,4.2549684047698975,4.106977584330659,0.14337468147277832,0.14464541485435084
512,0,913,4.367889642715454,4.2517503449062914,4.2249534130096436,4.107106802105773,0.14293622970581055,0.14464354280051891
512,0,914,4.2806994915008545,4.251782017933201,4.137766599655151,4.1071403467420415,0.14293289184570312,0.14464167119115917
512,0,915,4.233978509902954,4.251762560547376,4.090740203857422,4.107122423088616,0.14323830604553223,0.1446401374587596
512,0,916,4.246888160705566,4.251757239150168,4.103297710418701,4.107118247638103,0.14359045028686523,0.14463899151206538
512,0,917,4.205359220504761,4.251706641528962,4.061903715133667,4.107068940623376,0.14345550537109375,0.14463770090558667
512,0,918,4.266764879226685,4.251723044838002,4.123608589172363,4.1070869576697255,0.1431562900543213,0.14463608716827592
512,0,919,4.2873334884643555,4.251761793960554,4.143430948257446,4.107126504993542,0.14390254020690918,0.1446352889670122
512,0,920,4.338224649429321,4.251855775325194,4.195142030715942,4.10722217404324,0.1430826187133789,0.1446336012819539
512,0,921,4.383291006088257,4.251998484587695,4.239842653274536,4.107366170220473,0.1434483528137207,0.14463231436722182
512,0,922,4.332054615020752,4.252085313362569,4.188808917999268,4.107454502918715,0.14324569702148438,0.14463081044385334
512,0,923,4.1785666942596436,4.2520056615542225,4.034980773925781,4.1073759831689935,0.1435859203338623,0.1446296783852293
512,0,924,4.400654315948486,4.252166536721316,4.25777268409729,4.10753875016134,0.1428816318511963,0.14462778655997602
512,0,925,4.298601150512695,4.252216736303794,4.155609607696533,4.107590718655973,0.1429915428161621,0.14462601764782054
512,0,926,4.3170952796936035,4.252286799525597,4.173008918762207,4.107661364660407,0.14408636093139648,0.14462543486518942
512,0,927,4.385032653808594,4.252429998936906,4.24159049987793,4.107805840534429,0.14344215393066406,0.1446241584024769
512,0,928,4.451713562011719,4.252644744155735,4.308867931365967,4.108022502270238,0.14284563064575195,0.14462224188549766
512,0,929,4.34858512878418,4.252748016905605,4.2045862674713135,4.108126446043329,0.1439988613128662,0.1446215708622763
512,0,930,4.379143476486206,4.252883926001928,4.235448360443115,4.108263351327629,0.14369511604309082,0.14462057467429867
512,0,931,4.385321855545044,4.25302617941712,4.241450309753418,4.108406409285123,0.14387154579162598,0.1446197701319972
512,0,932,4.415315389633179,4.253200309471,4.2715606689453125,4.108581467503642,0.1437547206878662,0.14461884196735758
512,0,933,4.434634685516357,4.253394772896557,4.290236234664917,4.108776167146901,0.14439845085144043,0.14461860574965563
512,0,934,4.49966287612915,4.253658443242631,4.355925559997559,4.109040781057876,0.1437373161315918,0.14461766218475408
512,0,935,4.3675737380981445,4.253780277782583,4.223676919937134,4.109163386554004,0.14389681816101074,0.14461689122857896
512,0,936,4.415731191635132,4.253953302263195,4.270662069320679,4.109335927881746,0.14506912231445312,0.14461737438144848
512,0,937,4.451056718826294,4.2541636580973075,4.307048797607422,4.109546934146128,0.14400792121887207,0.14461672395117892
512,0,938,4.4447715282440186,4.254366864781898,4.301067352294922,4.109751113696393,0.14370417594909668,0.14461575108550506
512,0,939,4.4225523471832275,4.254545976051761,4.279383897781372,4.109931766288603,0.14316844940185547,0.14461420976315825
512,0,940,4.4167773723602295,4.254718562643578,4.272927761077881,4.110105166283059,0.14384961128234863,0.1446133963605191
512,0,941,4.458307266235352,4.254934916207438,4.315044164657593,4.110322954804181,0.1432631015777588,0.1446119614032579
512,0,942,4.485080718994141,4.255179232346277,4.340374231338501,4.1105671705966795,0.14470648765563965,0.14461206174959804
512,0,943,4.439161062240601,4.255374335029092,4.295384883880615,4.110763159688179,0.14377617835998535,0.1446111753409134
512,0,944,4.369150638580322,4.25549486077438,4.2259604930877686,4.110885190761696,0.1431901454925537,0.14460967001268418
512,0,945,4.431004524230957,4.255680585285973,4.2881178855896,4.11107273858691,0.14288663864135742,0.14460784669906374
512,0,946,4.441970586776733,4.255877509177613,4.298214673995972,4.111270563042945,0.14375591278076172,0.14460694613466807
512,0,947,4.386853933334351,4.256015815855709,4.243782997131348,4.111410491695626,0.14307093620300293,0.14460532416008343
512,0,948,4.359978199005127,4.256125480816837,4.215747356414795,4.111520551679506,0.14423084259033203,0.14460492913733053
512,0,949,4.315690040588379,4.256188246422497,4.172894716262817,4.111585224139552,0.14279532432556152,0.14460302228294508
512,0,950,4.381947755813599,4.256320624853435,4.238152265548706,4.111718452604193,0.14379549026489258,0.14460217224924188
512,0,951,4.6377854347229,4.256721744527326,4.494458198547363,4.11212091290487,0.1433272361755371,0.14460083162245566
512,0,952,4.3616251945495605,4.256831937226929,4.218112468719482,4.1122322485727425,0.14351272583007812,0.14459968865418635
512,0,953,4.439122438430786,4.257023217920742,4.295918703079224,4.112424994065404,0.1432037353515625,0.14459822385533785
512,0,954,4.442517995834351,4.2572176568913,4.299378156661987,4.112620961741081,0.14313983917236328,0.14459669515021942
512,0,955,4.535608291625977,4.257509165409347,4.392062187194824,4.112913570354122,0.14354610443115234,0.14459559505522562
512,0,956,4.457605838775635,4.257718471553036,4.312804937362671,4.1131226617422065,0.14480090141296387,0.14459580981082995
512,0,957,4.42887282371521,4.257897316226142,4.284837007522583,4.113302091570608,0.14403581619262695,0.14459522465553404
512,0,958,4.383273363113403,4.258028188926442,4.239692211151123,4.113434022801903,0.14358115196228027,0.144594166124539
512,0,959,4.3443005084991455,4.258118149635068,4.201007604598999,4.113525340405445,0.14329290390014648,0.14459280922962303
512,0,960,4.425298690795898,4.258292296032111,4.281639814376831,4.1137004596491655,0.14365887641906738,0.14459183638294537
512,0,961,4.559935808181763,4.258606181060363,4.415870904922485,4.114014892994923,0.14406490325927734,0.14459128806543897
512,0,962,4.410857677459717,4.258764446649136,4.266918659210205,4.114173836618848,0.14393901824951172,0.14459061003028728
512,0,963,4.4441773891448975,4.258956983453388,4.299860239028931,4.114366657389782,0.1443171501159668,0.14459032606360572
512,0,964,4.458125352859497,4.259163589645718,4.315059185028076,4.114574844659117,0.1430661678314209,0.1445887449866014
512,0,965,4.50186562538147,4.259415094345963,4.357882499694824,4.114826976944128,0.1439831256866455,0.1445881174018346
512,0,966,4.424363374710083,4.259585848259383,4.281094789505005,4.114999096832907,0.14326858520507812,0.14458675142647565
512,0,967,4.429319143295288,4.259761373900578,4.285688161849976,4.115175610860846,0.1436309814453125,0.14458576303973192
512,0,968,4.418128252029419,4.259924976047406,4.274603843688965,4.115340309448479,0.1435244083404541,0.14458466659892688
512,0,969,4.486791610717773,4.260159100541389,4.343797445297241,4.115576075326548,0.14299416542053223,0.14458302521484187
512,0,970,4.395684242248535,4.260298817182324,4.251864433288574,4.115716578788364,0.14381980895996094,0.14458223839396053
512,0,971,4.456491231918335,4.260500869102753,4.312772274017334,4.115919519772122,0.14371895790100098,0.14458134933063102
512,0,972,4.339212894439697,4.260581848552688,4.195652723312378,4.116001549816916,0.14356017112731934,0.14458029873577166
512,0,973,4.459611415863037,4.260786401037077,4.3165459632873535,4.116207659183279,0.1430654525756836,0.1445787418537983
512,0,974,4.41684889793396,4.260946629473316,4.273101568222046,4.116368741225413,0.14374732971191406,0.14457788824790313
512,0,975,4.347692251205444,4.261035599341759,4.203473091125488,4.116458079020182,0.14421916007995605,0.14457752032157703
512,0,976,4.387451171875,4.261165123493945,4.244214773178101,4.116588977272393,0.14323639869689941,0.14457614622155174
512,0,977,4.55304741859436,4.261463877122503,4.409341812133789,4.116888621934483,0.1437056064605713,0.14457525518801953
512,0,978,4.471024036407471,4.261678151314,4.327457427978516,4.117103927462135,0.14356660842895508,0.14457422385186505
512,0,979,4.4093146324157715,4.261828954665484,4.266222238540649,4.117256244429529,0.14309239387512207,0.1445727102359542
512,0,980,4.443234205245972,4.2620140620640345,4.299647808074951,4.117442358269983,0.1435863971710205,0.14457170379405118
512,0,981,4.52480673789978,4.262281944506272,4.379854679107666,4.117709852990511,0.14495205879211426,0.14457209151576175
512,0,982,4.437272310256958,4.262460142434736,4.293151378631592,4.117888510348598,0.1441209316253662,0.14457163208613813
512,0,983,4.4946863651275635,4.262696384777251,4.351185321807861,4.118125841794639,0.14350104331970215,0.14457054298261174
512,0,984,4.4230334758758545,4.262859328975522,4.2796924114227295,4.118290035462961,0.143341064453125,0.14456929351256145
512,0,985,4.44150447845459,4.263040694609511,4.297670364379883,4.118472147472014,0.14383411407470703,0.14456854713749764
512,0,986,4.3938820362091064,4.2631733937389225,4.250335454940796,4.118605883077966,0.14354658126831055,0.14456751066095688
512,0,987,4.367156267166138,4.26327874619427,4.223432779312134,4.118712090672934,0.1437234878540039,0.14456665552133485
512,0,988,4.436419486999512,4.263453989859052,4.292546987533569,4.118888036924818,0.14387249946594238,0.14456595293423424
512,0,989,4.516717910766602,4.263710070668867,4.372815370559692,4.119144788526066,0.14390254020690918,0.14456528214280115
512,0,990,4.410519599914551,4.263858363122651,4.265859365463257,4.1192929850684274,0.14466023445129395,0.14456537805422387
512,0,991,4.420738458633423,4.264016667961713,4.276760816574097,4.1194518829811475,0.14397764205932617,0.14456478498056607
512,0,992,4.354228496551514,4.26410760730505,4.210364103317261,4.1195435283645505,0.14386439323425293,0.14456407894049922
512,0,993,4.451070785522461,4.264295888451291,4.30722975730896,4.119732537658553,0.14384102821350098,0.14456335079273788
512,0,994,4.472079277038574,4.264504926065563,4.328180551528931,4.119942243909931,0.14389872550964355,0.14456268215563214
512,0,995,4.540809392929077,4.264782618997085,4.395857572555542,4.120219545747767,0.14495182037353516,0.1445630732493185
512,0,996,4.420318365097046,4.264938779384735,4.276540517807007,4.120376494514894,0.14377784729003906,0.1445622848698413
512,0,997,4.4686808586120605,4.265143134529397,4.325208902359009,4.120581943269,0.14347195625305176,0.14456119126039618
512,0,998,4.404841423034668,4.265283112774392,4.261371850967407,4.120723015320802,0.14346957206726074,0.14456009745358944
512,0,999,4.4305260181427,4.265448521088074,4.286818742752075,4.120889277310224,0.143707275390625,0.14455924377785073
512,0,1000,4.453413963317871,4.265636486530305,4.309385061264038,4.121077773094178,0.144028902053833,0.1445587134361267
512,0,1001,4.434862375259399,4.265805543362201,4.290777206420898,4.121247302997601,0.14408516883850098,0.1445582403646006
512,0,1002,4.408801794052124,4.265948254191233,4.265016794204712,4.121390785523755,0.1437849998474121,0.14455746866747768
512,0,1003,4.4026570320129395,4.266084554069421,4.259178638458252,4.121528161249513,0.1434783935546875,0.1445563928199076
512,0,1004,4.435977935791016,4.266253770585079,4.2922210693359375,4.1216981741061725,0.14375686645507812,0.14455559647890676
512,0,1005,4.381704807281494,4.266368647238509,4.23786187171936,4.121813759874942,0.1438429355621338,0.1445548873635667
512,0,1006,4.4975738525390625,4.266598473486322,4.353979587554932,4.122044541015777,0.14359426498413086,0.14455393247054538
512,0,1007,4.412467002868652,4.266743328033871,4.268458127975464,4.122189936832022,0.14400887489318848,0.1445533912018489
512,0,1008,4.42070460319519,4.266896067394151,4.27724552154541,4.1223437618168575,0.14345908164978027,0.1445523055772933
512,0,1009,4.414636135101318,4.267042489661453,4.271913051605225,4.122491996990087,0.14272308349609375,0.14455049267136544
512,0,1010,4.4529430866241455,4.267226549658445,4.31023097038269,4.122677877161762,0.14271211624145508,0.14454867249668235
512,0,1011,4.412750005722046,4.267370489773246,4.269299745559692,4.1228229037378235,0.14345026016235352,0.1445475860354219
512,0,1012,4.405337810516357,4.267506821117853,4.261610507965088,4.122960045639234,0.14372730255126953,0.14454677547861935
512,0,1013,4.395606994628906,4.267633277360214,4.251690149307251,4.1230871237277515,0.14391684532165527,0.14454615363246243
512,0,1014,4.3914618492126465,4.267755396267366,4.248030185699463,4.123210341737585,0.1434316635131836,0.1445450545297807
512,0,1015,4.516574859619141,4.268000538595792,4.373292922973633,4.123456728517128,0.1432819366455078,0.14454381007866318
512,0,1016,4.435596227645874,4.268165494982652,4.292234420776367,4.123622848292974,0.14336180686950684,0.1445426466896778
512,0,1017,4.449748992919922,4.268344043161548,4.306204557418823,4.123802377997129,0.14354443550109863,0.14454166516441863
512,0,1018,4.400867700576782,4.268474223571582,4.257192611694336,4.123933409660879,0.1436750888824463,0.14454081391070353
512,0,1019,4.4657533168792725,4.268667824251963,4.32248592376709,4.124128260018196,0.14326739311218262,0.1445395642337668
512,0,1020,4.420061111450195,4.268816249043334,4.277147531509399,4.124278278911815,0.1429135799407959,0.14453797013151878
512,0,1021,4.338187217712402,4.268884193185027,4.194445848464966,4.1243470032698495,0.14374136924743652,0.14453718991517786
512,0,1022,4.396258592605591,4.269008825669784,4.253679513931274,4.124473551714724,0.1425790786743164,0.1445352739550596
512,0,1023,4.465285778045654,4.269200689748352,4.32144021987915,4.1246660900022745,0.1438455581665039,0.14453459974607763
512,0,1024,4.57539701461792,4.269499709596857,4.43147349357605,4.124965706607327,0.14392352104187012,0.14453400298953056
512,0,1025,4.351740598678589,4.269579944610595,4.208470344543457,4.1250471745467765,0.14327025413513184,0.14453277006381895
512,0,1026,4.351723909378052,4.269660006954424,4.2083024978637695,4.125128320086072,0.14342141151428223,0.14453168686835158
512,0,1027,4.435532331466675,4.269821518468068,4.290910005569458,4.125289743343602,0.1446223258972168,0.14453177512446536
512,0,1028,4.350338935852051,4.269899842804044,4.206629991531372,4.125368868098649,0.1437089443206787,0.14453097470539553
512,0,1029,4.224910497665405,4.269856121380196,4.080981731414795,4.125325731911395,0.14392876625061035,0.14453038946880195
512,0,1030,4.704740762710571,4.270278339478576,4.561121463775635,4.125748834563691,0.14361929893493652,0.1445295049148856
512,0,1031,4.29403281211853,4.270301379704222,4.150637149810791,4.125772974539682,0.14339566230773926,0.1445284051645392
512,0,1032,4.398724317550659,4.2704258205354675,4.255769968032837,4.125898940618648,0.14295434951782227,0.14452687991681948
512,0,1033,4.394190549850464,4.270545631502858,4.250268220901489,4.126019336824149,0.1439223289489746,0.14452629467870928
512,0,1034,4.315977573394775,4.27058956955111,4.1820502281188965,4.126073525307026,0.1339273452758789,0.14451604424408374
512,0,1035,4.366013288497925,4.270681766381011,4.222785472869873,4.1261669668022565,0.14322781562805176,0.1445147995787542
512,0,1036,4.370431900024414,4.270778050293794,4.225818395614624,4.126263155440106,0.14461350440979004,0.14451489485368765
512,0,1037,4.431070566177368,4.270932623597442,4.287312030792236,4.126418458116434,0.14375853538513184,0.14451416548100823
512,0,1038,4.355615139007568,4.2710142059822305,4.2119176387786865,4.126500827269288,0.14369750022888184,0.1445133787129426
512,0,1039,4.270485162734985,4.271013696797199,4.12668514251709,4.1265010046660615,0.1438000202178955,0.14451269213113793
512,0,1040,4.351488828659058,4.271091076731682,4.2066755294799805,4.126578095555305,0.14481329917907715,0.14451298117637634
512,0,1041,4.249750137329102,4.271070576309585,4.106322526931763,4.126558637756435,0.14342761039733887,0.1445119385531496
512,0,1042,4.332036256790161,4.27112908464018,4.1886584758758545,4.126618234530063,0.14337778091430664,0.14451085011011808
512,0,1043,4.311135292053223,4.271167441502514,4.166621446609497,4.126656588520551,0.14451384544372559,0.1445108529819624
512,0,1044,4.353833198547363,4.271246623262135,4.209886074066162,4.126736310250001,0.14394712448120117,0.14451031301213407
512,0,1045,4.417418718338013,4.271386500865079,4.274712800979614,4.12687791454735,0.14270591735839844,0.1445085863177286
512,0,1046,4.4415507316589355,4.271549181774059,4.297296524047852,4.1270408386482105,0.14425420761108398,0.14450834312584843
512,0,1047,4.440102815628052,4.271710169007922,4.296569585800171,4.127202757222377,0.14353322982788086,0.14450741178554474
512,0,1048,4.468518972396851,4.2718979636676435,4.324228525161743,4.127390758909342,0.14429044723510742,0.14450720475830195
512,0,1049,4.394695520401001,4.272015025208858,4.250771522521973,4.127508376415169,0.14392399787902832,0.1445066487936887
512,0,1050,4.340604305267334,4.2720803483327225,4.196025848388672,4.127573631150382,0.1445784568786621,0.14450671718234107
512,0,1051,4.231059789657593,4.2720413183054395,4.087578058242798,4.127535576371212,0.14348173141479492,0.14450574193422733
512,0,1052,4.3038389682769775,4.272071544208455,4.160763740539551,4.127567162078597,0.14307522773742676,0.14450438212985775
512,0,1053,4.200399398803711,4.27200347949297,4.056811809539795,4.127499968011608,0.14358758926391602,0.1445035114813621
512,0,1054,4.234940052032471,4.2719683149507865,4.091405153274536,4.1274657224568285,0.14353489875793457,0.14450259249395844
512,0,1055,4.470384836196899,4.272156387482775,4.325692653656006,4.12765361528261,0.14469218254089355,0.14450277220016408
512,0,1056,4.3279571533203125,4.27220922911709,4.184435129165649,4.127707385655605,0.14352202415466309,0.14450184346148462
512,0,1057,4.311600208282471,4.2722464958901885,4.167641878128052,4.1277451666324,0.14395833015441895,0.14450132925778825
512,0,1058,4.191789388656616,4.272170449475035,4.047707557678223,4.127669516718456,0.14408183097839355,0.144500932756579
512,0,1059,4.164303779602051,4.272068592374116,4.021155595779419,4.127568937000855,0.14314818382263184,0.14449965537326082
512,0,1060,4.1716148853302,4.271973824725961,4.028217077255249,4.127475208831283,0.14339780807495117,0.1444986158946775
512,0,1061,4.1522300243377686,4.271860965347649,4.00926399230957,4.1273637939241,0.14296603202819824,0.14449717142354981
512,0,1062,4.230034351348877,4.271821580588705,4.086652517318726,4.12732545938869,0.14338183403015137,0.14449612120001554
512,0,1063,4.345480680465698,4.2718908741916,4.201674461364746,4.127395402005789,0.14380621910095215,0.14449547218581135
512,0,1064,4.1659791469573975,4.271791333094575,4.022827863693237,4.127297124244217,0.14315128326416016,0.14449420885035866
512,0,1065,4.263350009918213,4.271783406969527,4.120139122009277,4.127290403115357,0.14321088790893555,0.14449300385416952
512,0,1066,4.327154874801636,4.27183535018513,4.183264493942261,4.127342911643338,0.143890380859375,0.14449243854179167
512,0,1067,4.308867692947388,4.271870057160539,4.1654863357543945,4.127378659932102,0.14338135719299316,0.1444913972284376
512,0,1068,4.256994724273682,4.271856128946226,4.113523006439209,4.127365686473775,0.14347171783447266,0.14449044247245074
512,0,1069,4.251767873764038,4.271837337313689,4.10874342918396,4.127348266214383,0.14302444458007812,0.1444890710993054
512,0,1070,4.295164108276367,4.271859138034215,4.151864528656006,4.127371178609189,0.14329957962036133,0.144487959425026
512,0,1071,4.301960229873657,4.271887243628836,4.158758878707886,4.127400485518711,0.14320135116577148,0.14448675811012474
512,0,1072,4.460867404937744,4.272063531092743,4.316342353820801,4.12757673726153,0.14452505111694336,0.14448679383121318
512,0,1073,4.2863450050354,4.272076840947304,4.141978740692139,4.127590159445529,0.14436626434326172,0.1444866815017743
512,0,1074,4.121550798416138,4.2719366863453185,3.9770355224609375,4.127449978219286,0.1445152759552002,0.1444867081260326
512,0,1075,4.10887885093689,4.271785004637962,3.964488983154297,4.12729838659597,0.14438986778259277,0.1444866180419922
512,0,1076,4.219192028045654,4.271736126406928,4.075548410415649,4.127250291822568,0.14364361763000488,0.14448583458436023
512,0,1077,4.079894781112671,4.271558000738132,3.9370172023773193,4.12707365942754,0.14287757873535156,0.14448434131059143
512,0,1078,4.077038049697876,4.271377555514532,3.9319515228271484,4.1268926555902485,0.14508652687072754,0.14448489992428357
512,0,1079,4.128220558166504,4.271244879891411,3.9846959114074707,4.126760869914453,0.1435246467590332,0.1444840099769571
512,0,1080,4.127400636672974,4.271111690777319,3.9846880435943604,4.126629321001194,0.14271259307861328,0.1444823697761253
512,0,1081,4.235991954803467,4.27107920258493,4.092543363571167,4.126597789125681,0.1434485912322998,0.1444814134592485
512,0,1082,4.2037672996521,4.271016991953753,4.06052565574646,4.1265367243074005,0.14324164390563965,0.14448026764635238
512,0,1083,4.304666042327881,4.271048062175705,4.161283731460571,4.12656880833986,0.14338231086730957,0.14447925383584542
512,0,1084,4.2423014640808105,4.271021543173773,4.099156618118286,4.1265435203415,0.14314484596252441,0.14447802283227223
512,0,1085,4.315620183944702,4.27106264791181,4.171581268310547,4.126585029786633,0.14403891563415527,0.1444776181251772
512,0,1086,4.193787336349487,4.270991492007977,4.0502917766571045,4.126514778172333,0.1434955596923828,0.14447671383564423
512,0,1087,4.218623876571655,4.270943315728827,4.075533866882324,4.126467877609969,0.14309000968933105,0.1444754381188583
512,0,1088,4.154336929321289,4.27083614074132,4.010590314865112,4.1263613724971515,0.14374661445617676,0.14447476824416833
512,0,1089,4.206144571304321,4.270776736178018,4.061785459518433,4.126302074138127,0.14435911178588867,0.14447466203989076
512,0,1090,4.345449924468994,4.270845243690211,4.201686382293701,4.126371234053866,0.14376354217529297,0.14447400963634527
512,0,1091,4.289087772369385,4.270861964614756,4.146100759506226,4.126389317945206,0.14298701286315918,0.1444726466695504
512,0,1092,4.39332914352417,4.270974114045992,4.2478928565979,4.1265005849219945,0.14543628692626953,0.14447352912399794
512,0,1093,4.268311977386475,4.270971678422333,4.125284194946289,4.126499472030891,0.14302778244018555,0.14447220639144184
512,0,1094,4.337747812271118,4.271032716935906,4.193873643875122,4.126561057197111,0.1438741683959961,0.1444716597387952
512,0,1095,4.2911317348480225,4.271051072203405,4.146979093551636,4.126579703805653,0.14415264129638672,0.1444713683977519
512,0,1096,4.381767511367798,4.271152090852278,4.238119602203369,4.126681473785943,0.1436479091644287,0.14447061706633463
512,0,1097,4.284930944442749,4.271164651338687,4.141549587249756,4.1266950272166305,0.14338135719299316,0.1444696241220563
512,0,1098,4.31474232673645,4.271204339567647,4.171457052230835,4.126735794088228,0.14328527450561523,0.14446854547941837
512,0,1099,4.239201307296753,4.271175219429092,4.0959577560424805,4.126707788594101,0.14324355125427246,0.14446743083499147
512,0,1100,4.530176162719727,4.271410674832084,4.386140584945679,4.126943636590784,0.14403557777404785,0.14446703824129972
512,0,1101,4.364776611328125,4.271495475864324,4.219202756881714,4.127027432340367,0.14557385444641113,0.14446804352395648
512,0,1102,4.206453561782837,4.271436454163705,4.063114404678345,4.126969435037589,0.1433391571044922,0.14446701912611667
512,0,1103,4.250511646270752,4.271417483349659,4.10770058631897,4.126951965546457,0.14281105995178223,0.14446551780320252
512,0,1104,4.207417011260986,4.27135951190755,4.064190149307251,4.126895116075225,0.14322686195373535,0.14446439583232437
512,0,1105,4.215294122695923,4.2713087739987605,4.072051286697388,4.126845483650449,0.14324283599853516,0.1444632903483119
512,0,1106,4.216170787811279,4.271258920485029,4.072442054748535,4.126796294293395,0.14372873306274414,0.14446262619163416
512,0,1107,4.3461222648620605,4.271326547715722,4.202777862548828,4.126864931663093,0.14334440231323242,0.14446161605262928
512,0,1108,4.457496166229248,4.271494570837124,4.313901662826538,4.127033737377139,0.14359450340270996,0.14446083345998495
512,0,1109,4.577465534210205,4.2717704689105,4.434165716171265,4.127310682353509,0.14329981803894043,0.14445978655699032
512,0,1110,4.342073917388916,4.27183380535057,4.198473215103149,4.127374792743374,0.1436007022857666,0.14445901260719643
512,0,1111,4.274573802947998,4.271836271595032,4.131484031677246,4.127378491428282,0.14308977127075195,0.1444577801667496
512,0,1112,4.307541131973267,4.271868380282422,4.163585662841797,4.12741105183423,0.14395546913146973,0.14445732844819267
512,0,1113,4.273482322692871,4.271869830365451,4.129914999008179,4.127413301562149,0.14356732368469238,0.14445652880330184
512,0,1114,4.167783498764038,4.271776395597406,4.023977518081665,4.127320450769078,0.14380598068237305,0.14445594482832794
512,0,1115,4.24535346031189,4.2717526978975995,4.100964307785034,4.127296812972681,0.14438915252685547,0.14445588492491854
512,0,1116,4.193880796432495,4.2716829202081135,4.050052165985107,4.1272275973391785,0.1438286304473877,0.1444553228689351
512,0,1117,4.117550373077393,4.271544932251865,3.974456548690796,4.127090828271454,0.14309382438659668,0.14445410398041017
512,0,1118,4.164042711257935,4.271448776419133,4.0200722217559814,4.126995105009812,0.14397048950195312,0.14445367140932033
512,0,1119,4.22039794921875,4.271403154589642,4.076952219009399,4.126950383932064,0.14344573020935059,0.14445277065757772
512,0,1120,4.283210277557373,4.2714136966637195,4.139915943145752,4.126961960324219,0.1432943344116211,0.14445173633950098
512,0,1121,4.2268877029418945,4.271373976776368,4.083118677139282,4.126922849456079,0.1437690258026123,0.14445112732028875
512,0,1122,4.1890177726745605,4.271300575524941,4.0458080768585205,4.126850554649843,0.14320969581604004,0.1444500208750978
512,0,1123,4.225561141967773,4.271259845842343,4.081662893295288,4.126810316304915,0.14389824867248535,0.1444495295374285
512,0,1124,4.241272449493408,4.271233166664096,4.097795724868774,4.126784502611466,0.1434767246246338,0.14444866405263065
512,0,1125,4.16962456703186,4.271142847908868,4.025967121124268,4.126694887161255,0.14365744590759277,0.14444796074761285
512,0,1126,4.295464515686035,4.271164447969061,4.152027368545532,4.126717384924474,0.14343714714050293,0.144447063044587
512,0,1127,4.243455171585083,4.271139861210956,4.099081993103027,4.126692863724987,0.14437317848205566,0.14444699748596895
512,0,1128,4.239643573760986,4.271111938970309,4.09643816947937,4.126666042187535,0.1432054042816162,0.14444589678277361
512,0,1129,4.183189392089844,4.271034062489458,4.039790630340576,4.126589093195642,0.14339876174926758,0.14444496929381567
512,0,1130,4.2290284633636475,4.270996889392886,4.085849761962891,4.126553040690126,0.14317870140075684,0.14444384870275986
512,0,1131,4.355166435241699,4.271071309857828,4.211049795150757,4.126627750464186,0.14411664009094238,0.14444355939364242
512,0,1132,4.383951663970947,4.271171027485137,4.240583419799805,4.126728418016603,0.14336824417114258,0.1444426094685342
512,0,1133,4.287138938903809,4.271185120963882,4.143484592437744,4.126743207226153,0.14365434646606445,0.14444191373772886
512,0,1134,4.237269639968872,4.2711552131323165,4.0936784744262695,4.1267140496134544,0.14359116554260254,0.1444411635188619
512,0,1135,4.222112417221069,4.271112003620501,4.0787224769592285,4.1266717662895305,0.14338994026184082,0.14444023733097025
512,0,1136,4.308715343475342,4.271145105152064,4.165929794311523,4.1267063244127895,0.14278554916381836,0.14443878073927383
512,0,1137,4.367753744125366,4.271230073172268,4.224715709686279,4.126792524399837,0.14303803443908691,0.1444375487724311
512,0,1138,4.236664056777954,4.271199698816913,4.0933144092559814,4.126763106020976,0.14334964752197266,0.14443659279593685
512,0,1139,4.2655651569366455,4.271194751896912,4.122899532318115,4.126759713945732,0.14266562461853027,0.14443503795118057
512,0,1140,4.249813556671143,4.271175996462504,4.1058619022369385,4.126741382531953,0.1439516544342041,0.14443461393055163
512,0,1141,4.272246599197388,4.271176934764638,4.128912687301636,4.126743285515975,0.14333391189575195,0.14443364924866312
512,0,1142,4.3984129428863525,4.271288349833045,4.255341291427612,4.126855893226931,0.14307165145874023,0.144432456606115
512,0,1143,4.217898607254028,4.271241639647062,4.073240518569946,4.126808985637554,0.14465808868408203,0.1444326540095078
512,0,1144,4.246728420257568,4.271220212007736,4.103413343429565,4.126788534901359,0.14331507682800293,0.14443167710637714
512,0,1145,4.231470823287964,4.2711854963844,4.087512254714966,4.126754232473249,0.14395856857299805,0.14443126391115146
512,0,1146,4.318196058273315,4.271226517817113,4.174643278121948,4.126796020471197,0.1435527801513672,0.14443049734591606
512,0,1147,4.212966203689575,4.271175724169225,4.069717168807983,4.126746256869049,0.1432490348815918,0.14442946730017558
512,0,1148,4.232888698577881,4.271142373101636,4.089477777481079,4.12671379303683,0.14341092109680176,0.1444285800648068
512,0,1149,4.42847752571106,4.2712793053493385,4.2854249477386475,4.126851922849451,0.1430525779724121,0.14442738249988737
512,0,1150,4.3474931716918945,4.271345578276593,4.204289436340332,4.126919259817704,0.1432037353515625,0.14442631845888884
512,0,1151,4.230997085571289,4.271310523113513,4.087778329849243,4.12688525379688,0.1432187557220459,0.1444252693166327
512,0,1152,4.2560248374938965,4.271297254289189,4.113168716430664,4.126873347080416,0.14285612106323242,0.14442390720877382
512,0,1153,4.101789474487305,4.271150239736023,3.9585518836975098,4.1267273614226685,0.14323759078979492,0.14442287831335407
512,0,1154,4.2679526805877686,4.27114746888754,4.124342441558838,4.126725294767674,0.14361023902893066,0.1444221741198667
512,0,1155,4.2116312980651855,4.271095939735313,4.068170547485352,4.1266745980167805,0.14346075057983398,0.14442134171853332
512,0,1156,4.53335165977478,4.271322804545036,4.389487981796265,4.126901945234582,0.14386367797851562,0.14442085931045373
512,0,1157,4.3512797355651855,4.2713919116591414,4.207548379898071,4.126971648289607,0.14373135566711426,0.1444202633695347
512,0,1158,4.351425647735596,4.271461025420866,4.207672834396362,4.12704133843305,0.1437528133392334,0.14441968698781596
512,0,1159,4.382825613021851,4.271557112209133,4.239362955093384,4.12713825095821,0.1434626579284668,0.14441886125092263
512,0,1160,4.22226357460022,4.271514617780159,4.078875780105591,4.127096645379889,0.1433877944946289,0.14441797240027066
512,0,1161,4.3325440883636475,4.271567184076958,4.188946723937988,4.127149918488035,0.14359736442565918,0.144417265588923
512,0,1162,4.265522241592407,4.271561981888934,4.122748136520386,4.1271461303796295,0.14277410507202148,0.14441585150930433
512,0,1163,4.3548667430877686,4.271633611090309,4.21016001701355,4.127217509473898,0.14470672607421875,0.14441610161641089
512,0,1164,4.134124040603638,4.2715154757204745,3.989719867706299,4.127099384352104,0.14440417289733887,0.14441609136837044
512,0,1165,4.582249164581299,4.271782199916922,4.437727212905884,4.127366017681335,0.14452195167541504,0.1444161822355868
512,0,1166,4.578803539276123,4.272045511528722,4.432360887527466,4.127627591326143,0.14644265174865723,0.14441792020257913
512,0,1167,4.279159069061279,4.272051607122152,4.136247158050537,4.127634977415881,0.1429119110107422,0.14441662970627078
512,0,1168,4.285569667816162,4.272063180804253,4.142260551452637,4.12764749931146,0.1433091163635254,0.1444156814927924
512,0,1169,4.224701642990112,4.272022666229561,4.081370115280151,4.1276079121566,0.14333152770996094,0.1444147540729611
512,0,1170,4.25305962562561,4.27200645850255,4.1099042892456055,4.127592780854967,0.14315533638000488,0.14441367764758248
512,0,1171,4.4107444286346436,4.272124936700783,4.266941785812378,4.1277117808592,0.14380264282226562,0.14441315584158307
512,0,1172,4.45066237449646,4.272277272398561,4.306849718093872,4.1278646289285135,0.1438126564025879,0.1444126434700481
512,0,1173,4.336796283721924,4.2723322758182745,4.193449020385742,4.127920540600685,0.14334726333618164,0.14441173521758954
512,0,1174,4.142918825149536,4.27222204289607,3.9992008209228516,4.127810898590738,0.14371800422668457,0.14441114430533153
512,0,1175,4.2468743324279785,4.2722004703765215,4.103711366653442,4.127790388350791,0.14316296577453613,0.14441008202573086
512,0,1176,4.253190279006958,4.272184305247806,4.109095573425293,4.1277744913993235,0.14409470558166504,0.1444098138484825
512,0,1177,4.390639066696167,4.272284946506471,4.247828960418701,4.127876491797811,0.14281010627746582,0.14440845470866007
512,0,1178,4.170538425445557,4.272198574247506,4.027637958526611,4.127791399664304,0.1429004669189453,0.1444071745832019
512,0,1179,4.253347396850586,4.2721825851233355,4.109750270843506,4.127776097604236,0.14359712600708008,0.1444064875191
512,0,1180,4.317456007003784,4.272220952430014,4.174110412597656,4.127815363972874,0.14334559440612793,0.14440558845713988
512,0,1181,4.318946361541748,4.272260516705299,4.1752800941467285,4.127855554260913,0.14366626739501953,0.14440496244438616
512,0,1182,4.237274885177612,4.272230918032264,4.093791723251343,4.1278267354529525,0.14348316192626953,0.14440418257931162
512,0,1183,4.489145278930664,4.272414277593462,4.345885515213013,4.128011062401185,0.14325976371765137,0.14440321519227725
512,0,1184,4.489664077758789,4.272597765600359,4.346634387969971,4.128195710480213,0.14302968978881836,0.14440205512014595
512,0,1185,4.26810097694397,4.272593970841999,4.124830484390259,4.128192870626973,0.14327049255371094,0.14440110021502658
512,0,1186,4.290616750717163,4.272609167115081,4.1469292640686035,4.128208668597834,0.14368748664855957,0.14440049851724712
512,0,1187,4.319645643234253,4.27264879346396,4.1763389110565186,4.128249216401085,0.14330673217773438,0.14439957706287515
512,0,1188,4.341774225234985,4.272706979854339,4.196727991104126,4.128306858467333,0.14504623413085938,0.14440012138700645
512,0,1189,4.346182346343994,4.27276877578915,4.2031941413879395,4.128369841884424,0.1429882049560547,0.14439893390472644
512,0,1190,4.305713891983032,4.272796460760741,4.162859678268433,4.128398824940208,0.1428542137145996,0.14439763582053305
512,0,1191,4.283066749572754,4.272805084009114,4.139287233352661,4.1284079671806895,0.14377951622009277,0.1443971168284252
512,0,1192,4.378386735916138,4.272893659220446,4.234311819076538,4.128496812694025,0.1440749168395996,0.14439684652642115
512,0,1193,4.299471855163574,4.272915937674715,4.155648469924927,4.1285195718367165,0.14382338523864746,0.1443963658379989
512,0,1194,4.3532116413116455,4.272983187007744,4.209653854370117,4.12858752349713,0.14355778694152832,0.1443956635106149
512,0,1195,4.177901744842529,4.272903620947355,4.034583806991577,4.128508859299217,0.14331793785095215,0.1443947616481382
512,0,1196,4.2045581340789795,4.272846475891445,4.060650110244751,4.128452121214723,0.14390802383422852,0.14439435467672188
512,0,1197,4.255957126617432,4.2728323661593866,4.112432956695557,4.128438738454055,0.143524169921875,0.14439362770533104
512,0,1198,4.227187871932983,4.272794265579899,4.083070516586304,4.128400868485885,0.1441173553466797,0.1443933970940133
512,0,1199,4.204338312149048,4.272737171373534,4.060875654220581,4.128344550542378,0.1434626579284668,0.14439262083115628
512,0,1200,4.166188955307007,4.27264838119348,4.022990465164185,4.12825675547123,0.14319849014282227,0.14439162572224934
512,0,1201,4.263419151306152,4.272640696572424,4.119710445404053,4.128249639476169,0.1437087059020996,0.14439105709625422
512,0,1202,4.24284553527832,4.272615908584658,4.097525596618652,4.128224078708401,0.14531993865966797,0.14439182987625707
512,0,1203,4.256892442703247,4.272602838371956,4.113319396972656,4.1282116891142735,0.14357304573059082,0.14439114925768212
512,0,1204,4.354461193084717,4.27267082703866,4.210916519165039,4.128280380833584,0.14354467391967773,0.1443904462050758
512,0,1205,4.2245306968688965,4.272630876723167,4.080484390258789,4.128240716111116,0.14404630661010742,0.14439016061205093
512,0,1206,4.509201288223267,4.272827037926732,4.365182876586914,4.1284371855642465,0.14401841163635254,0.14438985236248567
512,0,1207,4.703394174575806,4.273183762977808,4.559454441070557,4.128794283538983,0.14393973350524902,0.144389479438826
512,0,1208,4.468072891235352,4.273345095037624,4.324441909790039,4.128956243494488,0.1436309814453125,0.144388851543136
512,0,1209,4.5646748542785645,4.273586062580421,4.420979976654053,4.129197785043835,0.14369487762451172,0.14438827753658626
512,0,1210,4.49849009513855,4.273771933681709,4.354331731796265,4.129383846156854,0.14415836334228516,0.14438808752485544
512,0,1211,4.433819055557251,4.273904094806296,4.29069972038269,4.1295170549712426,0.14311933517456055,0.14438703983505338
512,0,1212,4.507871866226196,4.274097137521989,4.364583969116211,4.129711004570372,0.14328789710998535,0.14438613295161684
512,0,1213,4.507164478302002,4.274289278775724,4.36272406578064,4.129903101075905,0.1444404125213623,0.14438617769981943
512,0,1214,4.498937606811523,4.274474326821882,4.3553338050842285,4.130088793583325,0.14360380172729492,0.14438553323855707
512,0,1215,4.480427503585815,4.274643835609342,4.337497711181641,4.130259500511389,0.1429297924041748,0.14438433509795265
512,0,1216,4.483382701873779,4.274815495861204,4.339906692504883,4.130431907741647,0.14347600936889648,0.14438358811955704
512,0,1217,4.454662322998047,4.274963274683831,4.311503171920776,4.130580692675237,0.1431591510772705,0.14438258200859377
512,0,1218,4.426716566085815,4.2750878668771,4.2831034660339355,4.130705916627091,0.14361310005187988,0.1443819502500086
512,0,1219,4.44878077507019,4.275230354906791,4.3047034740448,4.130848654574112,0.14407730102539062,0.14438170033267916
512,0,1220,4.412779331207275,4.275343099969333,4.269049882888794,4.130961934269452,0.14372944831848145,0.14438116569988063
512,0,1221,4.442615270614624,4.275480096014086,4.298036813735962,4.131098768732569,0.1445784568786621,0.14438132728151765
512,0,1222,4.465045928955078,4.275635223536952,4.3210859298706055,4.1312542410411925,0.14395999908447266,0.144380982495759
512,0,1223,4.4524617195129395,4.275779807752794,4.30925726890564,4.13139978726185,0.1432044506072998,0.14438002049094423
512,0,1224,4.4425718784332275,4.275916075784397,4.299224853515625,4.131536899244084,0.14334702491760254,0.14437917654031243
512,0,1225,4.4457762241363525,4.27605473712999,4.301698446273804,4.131675806629414,0.14407777786254883,0.1443789305005755
512,0,1226,4.495886325836182,4.276234045114252,4.352659463882446,4.131856054310697,0.14322686195373535,0.1443779908035552
512,0,1227,4.384182453155518,4.2763220226269185,4.241403579711914,4.1319453350974955,0.14277887344360352,0.14437668752942323
512,0,1228,4.464341878890991,4.276475133259056,4.321347951889038,4.132099571756121,0.14299392700195312,0.14437556150293507
512,0,1229,4.459611892700195,4.2766241460820344,4.316851854324341,4.132249899081237,0.1427600383758545,0.14437424700079748
512,0,1230,4.407809495925903,4.2767308008380045,4.262666463851929,4.132355928808693,0.1451430320739746,0.14437487202931226
512,0,1231,4.330318927764893,4.276774333028848,4.184469699859619,4.132398263309953,0.14584922790527344,0.1443760697188947
512,0,1232,4.316380500793457,4.276806480892293,4.172418117523193,4.132430746957853,0.14396238327026367,0.14437573393443962
512,0,1233,4.496792793273926,4.2769848963930075,4.351106882095337,4.132608099865507,0.14568591117858887,0.14437679652750057
512,0,1234,4.517734527587891,4.277179993338871,4.374486446380615,4.132804111491533,0.1432480812072754,0.14437588184733832
512,0,1235,4.534529209136963,4.277388373270692,4.391391038894653,4.133013493618985,0.14313817024230957,0.1443748796517067
512,0,1236,4.481074571609497,4.2775531679295415,4.337800979614258,4.133179179287265,0.14327359199523926,0.1443739886422759
512,0,1237,4.3220298290252686,4.2775891231931595,4.178252696990967,4.133215617054205,0.14377713203430176,0.144373506138955
512,0,1238,4.315542936325073,4.277619780554333,4.170495986938477,4.1332457304386025,0.14504694938659668,0.14437405011573015
512,0,1239,4.43372106552124,4.277745770291998,4.2884721755981445,4.13337101409087,0.1452488899230957,0.14437475620112755
512,0,1240,4.42641544342041,4.277865665189681,4.280062675476074,4.133489313817793,0.14635276794433594,0.1443763513718882
512,0,1241,4.401018142700195,4.2779649016743795,4.257715463638306,4.133589415469542,0.14330267906188965,0.14437548620483742
512,0,1242,4.196884870529175,4.27789961984576,4.053817987442017,4.133525187266621,0.1430668830871582,0.14437443257913882
512,0,1243,4.2158215045928955,4.277849677677416,4.072492599487305,4.133476086230597,0.14332890510559082,0.144373591446819
512,0,1244,4.248451232910156,4.277826045487088,4.10554051399231,4.133453629982816,0.14291071891784668,0.14437241550427157
512,0,1245,4.168830633163452,4.277738498971165,4.024327993392944,4.133365978869089,0.1445026397705078,0.1443725201020758
512,0,1246,4.258754014968872,4.2777232626276644,4.115272283554077,4.133351457444278,0.14348173141479492,0.14437180518338616
512,0,1247,4.139716625213623,4.277612591707525,3.996389389038086,4.1332416241897425,0.1433272361755371,0.14437096751778242
512,0,1248,4.181114673614502,4.27753526965777,4.037928104400635,4.133165251177091,0.1431865692138672,0.14437001848067993
512,0,1249,4.29787802696228,4.277551556893403,4.1549341678619385,4.1331826802537,0.1429438591003418,0.14436887663970288
512,0,1250,4.136874198913574,4.277439015007019,3.9941020011901855,4.133071415710449,0.14277219772338867,0.14436759929656984
512,0,1251,4.178030252456665,4.277359551567731,4.035255193710327,4.1329932252851895,0.1427750587463379,0.14436632628254087
512,0,1252,4.184755325317383,4.277285586530789,4.040609359741211,4.132919436255202,0.14414596557617188,0.14436615027558689
512,0,1253,4.379640102386475,4.277367274093324,4.236496686935425,4.133002099663567,0.1431434154510498,0.14436517442975724
512,0,1254,4.240607738494873,4.277337960269083,4.096750974655151,4.132973191270418,0.14385676383972168,0.1443647689986647
512,0,1255,4.180230140686035,4.27726058352041,4.03691554069519,4.1328966513097996,0.14331459999084473,0.1443639322106107
512,0,1256,4.222132205963135,4.277216691500063,4.078809022903442,4.132853587911387,0.14332318305969238,0.14436310358867524
512,0,1257,4.2204530239105225,4.277171533451065,4.07561731338501,4.132808053882329,0.1448357105255127,0.14436347956873635
512,0,1258,4.241714715957642,4.277143348381516,4.098500728607178,4.132780782558581,0.14321398735046387,0.14436256582293489
512,0,1259,4.343937635421753,4.277196401826345,4.199563264846802,4.132833826627118,0.14437437057495117,0.14436257519922718
512,0,1260,4.365737676620483,4.277266672679356,4.232118844985962,4.132912624260736,0.13361883163452148,0.1443540484186203
512,0,1261,4.234446048736572,4.277232715007712,4.090425491333008,4.1328789310546075,0.14402055740356445,0.14435378395310478
512,0,1262,4.356674432754517,4.277295664070903,4.213503837585449,4.13294281766834,0.14317059516906738,0.14435284640256274
512,0,1263,4.434330463409424,4.277419998828891,4.290703296661377,4.133067726994542,0.14362716674804688,0.14435227183434857
512,0,1264,4.404906988143921,4.277520858788792,4.261841773986816,4.133169605196277,0.1430652141571045,0.1443512535925153
512,0,1265,4.456951856613159,4.277662701474819,4.313065767288208,4.133311815601092,0.14388608932495117,0.14435088587372671
512,0,1266,4.482727766036987,4.277824680198802,4.339415788650513,4.133474614947893,0.1433119773864746,0.14435006525090896
512,0,1267,4.301315784454346,4.277843220928285,4.157507658004761,4.133493583411237,0.14380812644958496,0.1443496375170484
512,0,1268,4.335580825805664,4.27788875531699,4.192282199859619,4.13353994667342,0.14329862594604492,0.1443488086435697
512,0,1269,4.442076921463013,4.278018139214662,4.298165798187256,4.13366967547682,0.14391112327575684,0.14434846373784252
512,0,1270,4.43359112739563,4.278140637630552,4.289838790893555,4.1337926432842345,0.1437523365020752,0.1443479943463183
512,0,1271,4.492343902587891,4.278309168916907,4.348658084869385,4.1339616955592815,0.14368581771850586,0.14434747335762607
512,0,1272,4.609245300292969,4.278569338831512,4.465517282485962,4.134222352467243,0.14372801780700684,0.14434698636426865
512,0,1273,4.516173362731934,4.2787559877112455,4.372244834899902,4.134409330065384,0.14392852783203125,0.14434665764586155
512,0,1274,4.504243850708008,4.278932979754414,4.360208749771118,4.134586566658559,0.14403510093688965,0.14434641309585453
512,0,1275,4.537592887878418,4.279135850270589,4.393734931945801,4.134789820278392,0.1438579559326172,0.14434602999219706
512,0,1276,4.498891115188599,4.27930807226504,4.355427503585815,4.134962733823304,0.1434636116027832,0.14434533844173514
512,0,1277,4.578237056732178,4.27954215917535,4.435091733932495,4.135197760448292,0.14314532279968262,0.14434439872705854
512,0,1278,4.463876008987427,4.279686395364561,4.320402145385742,4.135342677807397,0.14347386360168457,0.14434371755716385
512,0,1279,4.493054389953613,4.2798532194416445,4.3495564460754395,4.13551016316179,0.14349794387817383,0.14434305627985425
512,0,1280,4.623044490814209,4.280121337622404,4.479555130004883,4.1357789482921365,0.14348936080932617,0.1443423893302679
512,0,1281,4.497347593307495,4.280290913153775,4.353510618209839,4.135948918370136,0.14383697509765625,0.14434199478363824
512,0,1282,4.398341655731201,4.280382996416315,4.254722595214844,4.1360415655439615,0.14361906051635742,0.1443414308723533
512,0,1283,4.434999465942383,4.280503508083911,4.291487455368042,4.136162723681003,0.14351201057434082,0.14434078440290823
512,0,1284,4.512424468994141,4.280684131885243,4.369236707687378,4.1363442454754,0.1431877613067627,0.14433988640984272
512,0,1285,4.481618404388428,4.280840500968903,4.335487604141235,4.136499220851794,0.14613080024719238,0.14434128011710912
512,0,1286,4.431226015090942,4.280957441493103,4.295563220977783,4.136622909809901,0.13566279411315918,0.14433453168320248
512,0,1287,4.372992992401123,4.281028953187671,4.229257106781006,4.136694886652925,0.1437358856201172,0.1443340665347463
512,0,1288,4.363385200500488,4.281092894373473,4.2199695110321045,4.136759540864399,0.1434156894683838,0.14433335350907367
512,0,1289,4.416929244995117,4.281198275560922,4.2721686363220215,4.136864590589347,0.1447606086730957,0.14433368497157487
512,0,1290,4.211678504943848,4.28114438426587,4.068218469619751,4.136811376542084,0.14346003532409668,0.1443330077237861
512,0,1291,4.168249130249023,4.28105693635416,4.0253746509552,4.13672505839678,0.14287447929382324,0.14433187795738026
512,0,1292,4.251456260681152,4.281034025614476,4.108084678649902,4.136702890920196,0.14337158203125,0.14433113469427952
512,0,1293,4.368029832839966,4.281101307754635,4.224832534790039,4.136771049964179,0.14319729804992676,0.14433025779045558
512,0,1294,4.2664220333099365,4.281089963647645,4.123371601104736,4.136760694903237,0.1430504322052002,0.14432926874440827
512,0,1295,4.371664047241211,4.281159905024937,4.228542804718018,4.13683156911931,0.14312124252319336,0.14432833590562738
512,0,1296,4.154425144195557,4.2810621158576305,4.0113818645477295,4.136734771507758,0.14304327964782715,0.14432734434987293
512,0,1297,4.135394334793091,4.280949804538382,3.9904561042785645,4.136621989189154,0.14493823051452637,0.14432781534922887
512,0,1298,4.4521825313568115,4.281081724975069,4.30814003944397,4.136754129443587,0.1440424919128418,0.14432759553148125
512,0,1299,4.166728258132935,4.280993693052943,4.030625581741333,4.136672429252901,0.13610267639160156,0.1443212638000418
512,0,1300,4.390599966049194,4.281078005570632,4.247290849685669,4.136757520345541,0.1433091163635254,0.1443204852250906
512,0,1301,4.180988311767578,4.281001072677624,4.037017583847046,4.136680856289816,0.14397072792053223,0.1443202163878081
512,0,1302,4.3539934158325195,4.281057134385116,4.210018157958984,4.136737182942404,0.14397525787353516,0.14431995144271265
512,0,1303,4.3672401905059814,4.281123276408233,4.223126649856567,4.136803483377488,0.14411354064941406,0.1443197930307454
512,0,1304,4.392030477523804,4.281208327942831,4.248879671096802,4.136889431374205,0.14315080642700195,0.14431889656862598
512,0,1305,4.3610312938690186,4.281269494966529,4.217567443847656,4.136951253605985,0.1434638500213623,0.14431824136054378
512,0,1306,4.249260663986206,4.281244985907586,4.105756998062134,4.136927368264834,0.14350366592407227,0.1443176176427517
512,0,1307,4.302133321762085,4.281260967801888,4.158782005310059,4.13694408948675,0.14335131645202637,0.1443168783151383
512,0,1308,4.492535591125488,4.281422492743268,4.349929332733154,4.137106922241526,0.14260625839233398,0.14431557050174165
512,0,1309,4.551800489425659,4.281629045834698,4.40831184387207,4.137314107055606,0.14348864555358887,0.14431493877909218
512,0,1310,4.769737958908081,4.282001648058419,4.625434875488281,4.137686718329219,0.1443030834197998,0.1443149297291996
512,0,1311,4.528970718383789,4.282190030263091,4.385463714599609,4.137875716800821,0.1435070037841797,0.14431431346226975
512,0,1312,4.481926679611206,4.282342268562898,4.338111162185669,4.138028335280534,0.1438155174255371,0.1443139332823637
512,0,1313,4.530267238616943,4.282531091845499,4.386683940887451,4.138217715025856,0.1435832977294922,0.14431337681964254
512,0,1314,4.493374824523926,4.2826915513072015,4.349576473236084,4.138378566440019,0.1437983512878418,0.14431298486718305
512,0,1315,4.379438400268555,4.282765123055461,4.235614538192749,4.1384525101447736,0.14382386207580566,0.1443126129106877
512,0,1316,4.610759019851685,4.28301435853935,4.467156171798706,4.13870228496366,0.14360284805297852,0.14431207357568943
512,0,1317,4.599680423736572,4.283254803539498,4.455999851226807,4.13894320946348,0.14368057250976562,0.14431159407601904
512,0,1318,4.569010257720947,4.283471613444037,4.425121784210205,4.139160340400314,0.1438884735107422,0.14431127304372368
512,0,1319,4.492129325866699,4.2836298073124395,4.348057508468628,4.139318715812041,0.1440718173980713,0.1443110915003987
512,0,1320,4.230100631713867,4.283589254906683,4.086233854293823,4.139278500007861,0.14386677742004395,0.14431075489882267
512,0,1321,4.345347166061401,4.28363600578568,4.202271223068237,4.1393261856422745,0.14307594299316406,0.14430982014340582
512,0,1322,4.316250324249268,4.2836606762232465,4.1731719970703125,4.139351787617636,0.14307832717895508,0.14430888860561122
512,0,1323,4.21289849281311,4.283607190067986,4.0695013999938965,4.139298990650422,0.14339709281921387,0.14430819941756406
512,0,1324,4.4124836921691895,4.283704528815797,4.268779754638672,4.139396785789386,0.14370393753051758,0.1443077430264107
512,0,1325,4.473235607147217,4.283847571139066,4.329666614532471,4.139540385660135,0.1435689926147461,0.1443071854789302
512,0,1326,4.563778638839722,4.2840586805415555,4.420175075531006,4.139752025697746,0.14360356330871582,0.1443066548438094
512,0,1327,4.590069055557251,4.2842892836877615,4.446848392486572,4.1399834472250925,0.1432206630706787,0.14430583646266912
512,0,1328,4.527059316635132,4.284472092447511,4.383320569992065,4.1401666830103085,0.1437387466430664,0.14430540943720255
512,0,1329,4.4968421459198,4.284631889327475,4.354007720947266,4.140327586725836,0.14283442497253418,0.14430430260163846
512,0,1330,4.447026252746582,4.284753990352602,4.302298307418823,4.140449369222598,0.1447279453277588,0.14430462113000397
512,0,1331,4.37083888053894,4.284818667204733,4.227359771728516,4.140514666294353,0.1434791088104248,0.14430400091037993
512,0,1332,4.450031757354736,4.284942701056197,4.306895971298218,4.140639577183996,0.14313578605651855,0.14430312387220137
512,0,1333,4.478704214096069,4.285088058530345,4.3353493213653564,4.140785646009338,0.1433548927307129,0.14430241252100745
512,0,1334,4.467983722686768,4.285225161726864,4.32457160949707,4.14092341659666,0.14341211318969727,0.14430174513020436
512,0,1335,4.497676610946655,4.285384301389201,4.3525495529174805,4.141081938047088,0.1451270580291748,0.14430236334211372
512,0,1336,4.346087694168091,4.285429738060443,4.202094554901123,4.141127606173475,0.14399313926696777,0.14430213188696764
512,0,1337,4.1868579387664795,4.285356011957755,4.044342994689941,4.141055216785679,0.14251494407653809,0.14430079517207578
512,0,1338,4.181941986083984,4.285278721953365,4.038834810256958,4.140978818873475,0.14310717582702637,0.14429990307988963
512,0,1339,4.2610023021698,4.285260591692137,4.1177544593811035,4.140961474318216,0.1432478427886963,0.1442991173739216
512,0,1340,4.288866281509399,4.285263282505434,4.1455841064453125,4.140964924043684,0.14328217506408691,0.1442983584617501
512,0,1341,4.306175708770752,4.285278877155893,4.162782907485962,4.140981193979137,0.14339280128479004,0.1442976831767561
512,0,1342,4.430994749069214,4.2853874582825044,4.287811279296875,4.14109060536909,0.14318346977233887,0.1442968529134145
512,0,1343,4.309493064880371,4.285405407356666,4.165114402770996,4.14110849352799,0.144378662109375,0.14429691382867582
512,0,1344,4.5618064403533936,4.2856110628871695,4.418053388595581,4.1413145537177725,0.1437530517578125,0.1442965091693969
512,0,1345,4.581560373306274,4.28583109954919,4.438137054443359,4.141535239591917,0.14342331886291504,0.14429585995727312
512,0,1346,4.597550392150879,4.286062688919623,4.454094409942627,4.1417674529428465,0.14345598220825195,0.14429523597677607
512,0,1347,4.522360563278198,4.286238114216103,4.37906551361084,4.141943620768139,0.1432950496673584,0.14429449344796433
512,0,1348,4.246023178100586,4.286208281177442,4.102137088775635,4.141914090699895,0.14388608932495117,0.14429419047754666
512,0,1349,4.196082830429077,4.286141472096086,4.050457239151001,4.1418462946646475,0.14562559127807617,0.14429517743143883
512,0,1350,4.401142358779907,4.286226657938074,4.257916450500488,4.141932272557859,0.14322590827941895,0.1442943853802151
512,0,1351,4.425861358642578,4.286330014489299,4.282713174819946,4.142036477518823,0.14314818382263184,0.14429353697047598
512,0,1352,4.256089210510254,4.286307647030735,4.1109678745269775,4.142013497782882,0.14512133598327637,0.1442941492478523
512,0,1353,4.116255283355713,4.286181961617818,3.9733002185821533,4.141888802085025,0.14295506477355957,0.1442931595327937
512,0,1354,4.189719915390015,4.2861107193384775,4.0467023849487305,4.141818501924658,0.14301753044128418,0.14429221741381917
512,0,1355,4.356170177459717,4.2861624237356155,4.212600231170654,4.141870739363217,0.1435699462890625,0.1442916843723987
512,0,1356,4.312235593795776,4.2861816517371345,4.16883397102356,4.141890623752347,0.1434016227722168,0.14429102798478793
512,0,1357,4.159119367599487,4.286088017039907,4.015720367431641,4.141797646407968,0.14339900016784668,0.1442903706319383
512,0,1358,4.271366357803345,4.286077176348274,4.127584218978882,4.141787179966562,0.1437821388244629,0.1442899963817119
512,0,1359,4.335978746414185,4.286113895678713,4.192389965057373,4.14182441527568,0.14358878135681152,0.1442894804030328
512,0,1360,4.353673219680786,4.286163571652244,4.210493326187134,4.141874907121939,0.14317989349365234,0.1442886645303053
512,0,1361,4.3946897983551025,4.28624331171595,4.251165390014648,4.141955208725828,0.1435244083404541,0.14428810299012174
512,0,1362,4.254965305328369,4.2862203469535505,4.110955715179443,4.1419324484515645,0.14400959014892578,0.14428789850198576
512,0,1363,4.45024561882019,4.28634068831222,4.306684732437134,4.14205332320137,0.14356088638305664,0.14428736511084933
512,0,1364,4.334214925765991,4.286375786726775,4.190917730331421,4.142089147546773,0.1432971954345703,0.14428663918000162
512,0,1365,4.3170554637908936,4.2863982626806685,4.173734426498413,4.142112330901317,0.14332103729248047,0.14428593177935142
512,0,1366,4.235524892807007,4.286361020096574,4.0918285846710205,4.142075519959714,0.14369630813598633,0.14428550013685995
512,0,1367,4.306407690048218,4.2863756848148995,4.1626386642456055,4.142090562493939,0.1437690258026123,0.14428512232096072
512,0,1368,4.334869146347046,4.286411133251692,4.1903908252716064,4.142125869703571,0.14447832107543945,0.1442852635481204
512,0,1369,4.3171186447143555,4.286433563866347,4.17218804359436,4.142147828924822,0.14493060111999512,0.14428573494152575
512,0,1370,4.173223495483398,4.286350928779936,4.030017614364624,4.14206598205288,0.14320588111877441,0.14428494672705658
512,0,1371,4.214215040206909,4.286298313252166,4.071224212646484,4.142014310448644,0.1429908275604248,0.14428400280352147
512,0,1372,4.189336538314819,4.286227641404544,4.045661449432373,4.141944082415834,0.1436750888824463,0.14428355898871018
512,0,1373,4.466499328613281,4.286358939064565,4.322819232940674,4.14207581959757,0.14368009567260742,0.14428311946699415
512,0,1374,4.281331300735474,4.286355279939143,4.137714385986328,4.142072645337301,0.1436169147491455,0.1442826346018429
512,0,1375,4.074887037277222,4.286201484853571,3.931572198867798,4.141919554103504,0.14331483840942383,0.1442819307500666
512,0,1376,4.193329334259033,4.28613399055808,4.049867630004883,4.141852655902851,0.1434617042541504,0.14428133465522944
512,0,1377,4.198023796081543,4.286070003488744,4.055102348327637,4.1417896564057015,0.14292144775390625,0.14428034708304258
512,0,1378,4.297016382217407,4.28607794715981,4.154016017913818,4.141798528946709,0.14300036430358887,0.144279418213101
512,0,1379,4.254936456680298,4.286055364498114,4.1116766929626465,4.14177668570089,0.14325976371765137,0.14427867879722325
512,0,1380,4.159099102020264,4.285963367206463,4.014364004135132,4.14168435767077,0.14473509788513184,0.14427900953569275
512,0,1381,4.0582733154296875,4.285798493888739,3.915066719055176,4.141520260901316,0.14320659637451172,0.1442782329874225
512,0,1382,4.1700544357299805,4.2857147427612725,4.026771783828735,4.141437230165374,0.14328265190124512,0.14427751259589852
512,0,1383,4.177818298339844,4.285636726532479,4.034427165985107,4.141359854847818,0.14339113235473633,0.14427687168466122
512,0,1384,4.110640048980713,4.285510283846387,3.966397523880005,4.141233436978621,0.144242525100708,0.14427684686776532
512,0,1385,4.209898471832275,4.285455690480311,4.066667556762695,4.14117959879796,0.14323091506958008,0.14427609168235145
512,0,1386,4.238644123077393,4.285421915900655,4.094688892364502,4.141146055719725,0.14395523071289062,0.1442758601809305
512,0,1387,4.33630633354187,4.285458602575234,4.192016124725342,4.141182732049217,0.14429020881652832,0.14427587052601742
512,0,1388,4.156680107116699,4.285365822679371,4.013463497161865,4.141090715309385,0.14321660995483398,0.14427510736998633
512,0,1389,4.302436590194702,4.285378112648784,4.1581645011901855,4.141103007451847,0.1442720890045166,0.14427510519693704
512,0,1390,4.2824225425720215,4.2853759863393766,4.139440298080444,4.141101811258055,0.14298224449157715,0.14427417508132165
512,0,1391,4.310812473297119,4.285394272814544,4.167874813079834,4.141121058563463,0.14293766021728516,0.14427321425108153
512,0,1392,4.24208927154541,4.285363162899839,4.097902774810791,4.141090010945824,0.14418649673461914,0.1442731519540151
512,0,1393,4.30420184135437,4.285376686717825,4.159876346588135,4.141103497188209,0.14432549476623535,0.14427318952961612
512,0,1394,4.308540105819702,4.285393303230811,4.165187120437622,4.1411207738189475,0.14335298538208008,0.14427252941186322
512,0,1395,4.225186347961426,4.2853501441230915,4.08210825920105,4.1410784709410855,0.14307808876037598,0.1442716731820055
512,0,1396,4.149677276611328,4.2852529572552465,4.0062806606292725,4.140981910905046,0.14339661598205566,0.1442710463502004
512,0,1397,4.19743537902832,4.285190095710345,4.053627014160156,4.140919380556624,0.14380836486816406,0.14427071515372078
512,0,1398,4.155628681182861,4.285097419448165,4.012294054031372,4.14082737388529,0.14333462715148926,0.14427004556287512
512,0,1399,4.230997085571289,4.285058748730598,4.087806940078735,4.140789475076279,0.1431901454925537,0.14426927365431877
512,0,1400,4.365297079086304,4.285116061823708,4.219086170196533,4.140845401287079,0.1462109088897705,0.14427066053662982
512,0,1401,4.330041885375977,4.285148128792697,4.185527801513672,4.14087729450637,0.1445140838623047,0.14427083428632695
512,0,1402,4.209820032119751,4.2850943997651125,4.066798448562622,4.140824456527808,0.1430215835571289,0.1442699432373047
512,0,1403,4.20273494720459,4.285035697375547,4.06866717338562,4.140773025819938,0.13406777381896973,0.1442626715556095
512,0,1404,4.253864765167236,4.28501349585688,4.1195573806762695,4.140757914961573,0.1343073844909668,0.14425558089530705
512,0,1405,4.274573564529419,4.2850060653007755,4.140597820281982,4.140757801015182,0.13397574424743652,0.14424826428559326
512,0,1406,4.238903522491455,4.284973275441025,4.095004558563232,4.140725259590963,0.14389896392822266,0.14424801585006172
512,0,1407,4.195582628250122,4.284909742642737,4.05205225944519,4.140662236847434,0.14353036880493164,0.14424750579530327
512,0,1408,4.1260905265808105,4.284796944904056,3.9834060668945312,4.140550549226728,0.1426844596862793,0.1442463956773281
512,0,1409,4.148919582366943,4.284700509586429,4.005622863769531,4.140454787916965,0.1432967185974121,0.14424572166946445
512,0,1410,4.1445043087005615,4.284601079656722,4.000115394592285,4.140355256432337,0.14438891410827637,0.1442458232243856
512,0,1411,4.265591859817505,4.284587607495249,4.12226414680481,4.140342434951382,0.1433277130126953,0.144245172543867
512,0,1412,4.329559326171875,4.284619457154369,4.18551778793335,4.140374428827432,0.1440415382385254,0.1442450283269369
512,0,1413,4.323667526245117,4.284647092022798,4.18047833442688,4.140402810926228,0.1431891918182373,0.1442442810965698
512,0,1414,4.161806583404541,4.284560217547113,4.018195629119873,4.140316384347864,0.14361095428466797,0.1442438331992488
512,0,1415,4.137304782867432,4.28445615010211,3.9928596019744873,4.140212174607671,0.14444518089294434,0.14424397549443868
512,0,1416,4.305788993835449,4.284471215669718,4.161145925521851,4.140226958330068,0.14464306831359863,0.14424425733964996
512,0,1417,4.250799894332886,4.2844474532693395,4.105919599533081,4.140202747067685,0.1448802947998047,0.1442447062016543
512,0,1418,4.2869813442230225,4.284449240216415,4.143157958984375,4.140204831138148,0.14382338523864746,0.14424440907826713
512,0,1419,4.305911302566528,4.284464364996084,4.160936117172241,4.140219440923937,0.1449751853942871,0.14424492407214734
512,0,1420,4.201958179473877,4.284406262048534,4.057387351989746,4.140161108466941,0.14457082748413086,0.1442451535815924
512,0,1421,4.171032190322876,4.284326477339366,4.027298927307129,4.140081683990403,0.14373326301574707,0.14424479334896337
512,0,1422,4.115689516067505,4.284207885946067,3.97160267829895,4.139963203676977,0.1440868377685547,0.14424468226908968
512,0,1423,4.388067007064819,4.284280871976368,4.2440125942230225,4.140036323417347,0.14405441284179688,0.1442445485590213
512,0,1424,4.3003222942352295,4.28429213702009,4.156834125518799,4.140048119626688,0.14348816871643066,0.1442440173934015
512,0,1425,4.2809388637542725,4.284289783845868,4.1381707191467285,4.140046802152667,0.14276814460754395,0.1442429816932009
512,0,1426,4.340348958969116,4.284329096030387,4.195276498794556,4.140085532655221,0.14507246017456055,0.1442435633751654
512,0,1427,4.46150016784668,4.284453252352613,4.317625999450684,4.14020994783868,0.1438741683959961,0.1442433045139326
512,0,1428,4.5305609703063965,4.2846255966929165,4.387159585952759,4.140382881758928,0.1434013843536377,0.14424271493398844
512,0,1429,4.411674976348877,4.284714504586307,4.268374681472778,4.14047244914851,0.14330029487609863,0.14424205543779675
512,0,1430,4.477668523788452,4.2848494374668675,4.343580007553101,4.140614482406136,0.13408851623535156,0.1442349550607321
512,0,1431,4.561246395111084,4.2850425869830415,4.4178147315979,4.140808193272098,0.1434316635131836,0.14423439371094346
512,0,1432,4.44251561164856,4.285152554179037,4.299524545669556,4.140919028713716,0.1429910659790039,0.14423352546532062
512,0,1433,4.509686231613159,4.285309242020931,4.366411447525024,4.1410763856005355,0.14327478408813477,0.14423285642039585
512,0,1434,4.368292331695557,4.2853671102843025,4.225280523300171,4.141135105361832,0.14301180839538574,0.14423200492247046
512,0,1435,4.905684947967529,4.285799387523106,4.7629194259643555,4.141568404539952,0.14276552200317383,0.14423098298315387
512,0,1436,4.50318169593811,4.285950767960721,4.360083341598511,4.141720573716177,0.1430983543395996,0.14423019424454414
512,0,1437,4.4329845905303955,4.286053087948591,4.290165901184082,4.141823875962153,0.14281868934631348,0.1442292119864382
512,0,1438,4.508605480194092,4.286207853172684,4.365828990936279,4.141979651424583,0.1427764892578125,0.1442282017481012
512,0,1439,4.552658557891846,4.2863930169702655,4.408401966094971,4.1421647954931515,0.144256591796875,0.14422822147711356
512,0,1440,4.359833717346191,4.286444017456637,4.216495513916016,4.142216414047612,0.14333820343017578,0.1442276034090254
512,0,1441,4.400907039642334,4.2865234505046494,4.258025884628296,4.142296781480353,0.14288115501403809,0.14422666902429607
512,0,1442,4.348425626754761,4.286566378504824,4.205132246017456,4.1423403566984796,0.1432933807373047,0.14422602180634392
512,0,1443,4.3815696239471436,4.286632215819752,4.237837314605713,4.142406536156488,0.14373230934143066,0.14422567966326358
512,0,1444,4.456698894500732,4.28674999052798,4.313276767730713,4.142524867341789,0.14342212677001953,0.1442251231861907
512,0,1445,4.500999450683594,4.286898260050578,4.3577258586883545,4.142673795363482,0.14327359199523926,0.14422446468709663
512,0,1446,4.502302169799805,4.287047225410018,4.359586954116821,4.142823804463588,0.1427152156829834,0.14422342094642987
512,0,1447,4.605030298233032,4.2872669787429984,4.461560964584351,4.143044078934992,0.14346933364868164,0.1442228998080071
512,0,1448,4.585881471633911,4.287473204221515,4.44249963760376,4.14325088526004,0.14338183403015137,0.14422231896147544
512,0,1449,4.464029312133789,4.287595051086878,4.321078300476074,4.143373609494143,0.14295101165771484,0.14422144159273578
512,0,1450,4.585881233215332,4.287800765695243,4.4426562786102295,4.143580011334913,0.14322495460510254,0.14422075436033052
512,0,1451,4.4187211990356445,4.287890993423251,4.27594256401062,4.143671232942546,0.14277863502502441,0.1442197604807059
512,0,1452,4.384028911590576,4.287957204110694,4.241086959838867,4.143738323663548,0.14294195175170898,0.14421888044714598
512,0,1453,4.471551895141602,4.288083559713606,4.3288187980651855,4.143865701829,0.14273309707641602,0.14421785788460592
512,0,1454,4.417022705078125,4.288172238630638,4.273768901824951,4.14395504378223,0.14325380325317383,0.14421719484840823
512,0,1455,4.445942163467407,4.288280671568671,4.301229953765869,4.144063136503869,0.14471220970153809,0.14421753506480214
512,0,1456,4.261634111404419,4.288262370359766,4.118257284164429,4.144045412704185,0.14337682723999023,0.1442169576555818
512,0,1457,4.242591381072998,4.2882310244508535,4.099574565887451,4.144014890503213,0.14301681518554688,0.1442161339476408
512,0,1458,4.3026533126831055,4.288240916280916,4.159705638885498,4.1440256523333785,0.14294767379760742,0.1442152639475379
512,0,1459,4.606813907623291,4.288459266514873,4.463406324386597,4.1442445561524694,0.14340758323669434,0.14421471036240366
512,0,1460,4.539812803268433,4.288631426471554,4.396157264709473,4.144417099103536,0.14365553855895996,0.14421432736801776
512,0,1461,4.490249395370483,4.2887694264502665,4.346690654754639,4.144555547806925,0.14355874061584473,0.14421387864334137
512,0,1462,4.533675909042358,4.288936941144241,4.38989520072937,4.144723358787036,0.14378070831298828,0.14421358235720572
512,0,1463,4.562906503677368,4.289124206737224,4.419538736343384,4.144911202517423,0.14336776733398438,0.1442130042198009
512,0,1464,4.3991124629974365,4.289199335327566,4.255604982376099,4.144986813022791,0.1435074806213379,0.14421252230477463
512,0,1465,4.460724115371704,4.2893164170886875,4.317719221115112,4.1451047191034,0.1430048942565918,0.14421169798528782
512,0,1466,4.478587627410889,4.289445524326289,4.334870338439941,4.145234163591351,0.14371728897094727,0.14421136073493698
512,0,1467,4.545819282531738,4.289620284897662,4.401637315750122,4.145408944199503,0.1441819667816162,0.14421134069815897
512,0,1468,4.403413772583008,4.289697800897447,4.25982928276062,4.1454868872094215,0.1435844898223877,0.1442109136880256
512,0,1469,4.393853187561035,4.289768703134795,4.250321388244629,4.145558251743823,0.14353179931640625,0.1442104513909721
512,0,1470,4.447307348251343,4.289875872281133,4.3036463260650635,4.145665794651524,0.1436610221862793,0.14421007762960836
512,0,1471,4.529598712921143,4.290038838182316,4.386008262634277,4.145829181781356,0.14359045028686523,0.1442096564009593
512,0,1472,4.3708555698394775,4.290093740853279,4.22457218170166,4.145882675667172,0.14628338813781738,0.14421106518610663
512,0,1473,4.3402321338653564,4.29012777913774,4.195204019546509,4.145916159267904,0.14502811431884766,0.14421161986983558
512,0,1474,4.311657428741455,4.290142385412913,4.165503740310669,4.145929447993171,0.14615368843078613,0.14421293741974126
512,0,1475,4.273891925811768,4.290131368152165,4.1277265548706055,4.145917107048681,0.1461653709411621,0.1442142611034846
512,0,1476,4.287225246429443,4.290129399235009,4.143413543701172,4.145915410867551,0.14381170272827148,0.14421398836745802
512,0,1477,4.182892084121704,4.290056794417736,4.038230657577515,4.145842503113124,0.14466142654418945,0.14421429130461222
512,0,1478,4.198001146316528,4.289994510488032,4.054285526275635,4.145780556579404,0.14371562004089355,0.14421395390862865
512,0,1479,4.5309178829193115,4.290157406615437,4.387451171875,4.145943957942011,0.14346671104431152,0.14421344867342625
512,0,1480,4.478935956954956,4.290284959689991,4.335378170013428,4.146071954031249,0.14355778694152832,0.14421300565874254
512,0,1481,4.487525701522827,4.2904181404744826,4.3438990116119385,4.146205530707535,0.14362668991088867,0.1442126097669479
512,0,1482,4.608038902282715,4.290632459477053,4.464524984359741,4.146420321162092,0.14351391792297363,0.14421213831496144
512,0,1483,4.513368129730225,4.290782652107028,4.369725704193115,4.146570897954425,0.14364242553710938,0.1442117541526028
512,0,1484,4.518972635269165,4.290936418942043,4.373824596405029,4.146724033869823,0.14514803886413574,0.14421238507221973
512,0,1485,4.545130491256714,4.291107593401514,4.401829719543457,4.146895822210344,0.14330077171325684,0.14421177119116993
512,0,1486,4.5392656326293945,4.291274590736122,4.3952202796936035,4.147062931535703,0.14404535293579102,0.14421165920041934
512,0,1487,4.49773907661438,4.291413437061528,4.353073835372925,4.147201472829473,0.14466524124145508,0.14421196423205418
512,0,1488,4.627744197845459,4.291639465798614,4.482692718505859,4.1474269373762995,0.1450514793395996,0.14421252842231463
512,0,1489,4.4292333126068115,4.291731872680285,4.2854204177856445,4.147519612648569,0.143812894821167,0.14421226003171614
512,0,1490,4.39960789680481,4.291804272696476,4.25662088394165,4.147592834978296,0.14298701286315918,0.1442114377181802
512,0,1491,4.476771116256714,4.29192832825889,4.333751440048218,4.147717689844204,0.1430196762084961,0.14421063841468612
512,0,1492,4.419077157974243,4.292013548654142,4.274965524673462,4.147802976596771,0.14411163330078125,0.14421057205737117
512,0,1493,4.448537111282349,4.292118386941234,4.304946660995483,4.147908230236689,0.14359045028686523,0.1442101567045443
512,0,1494,4.445993900299072,4.292221382599439,4.3030712604522705,4.1480120876866335,0.14292263984680176,0.1442092949128055
512,0,1495,4.396357297897339,4.292291038730073,4.253150939941406,4.148082414678108,0.14320635795593262,0.1442086240519648
512,0,1496,4.420283794403076,4.292376595384934,4.276917934417725,4.148168534677934,0.14336585998535156,0.14420806070700048
512,0,1497,4.467432975769043,4.292493533514783,4.323384761810303,4.1482855795858375,0.14404821395874023,0.14420795392894553
512,0,1498,4.426090955734253,4.292582717374743,4.283329248428345,4.148375728897482,0.1427617073059082,0.14420698847726127
512,0,1499,4.541013240814209,4.292748448210927,4.397395849227905,4.148541853060477,0.1436173915863037,0.14420659515044942
512,0,1500,4.4950950145721436,4.292883345921835,4.351992130279541,4.148677486578624,0.14310288429260254,0.14420585934321087
512,0,1501,4.5048627853393555,4.293024571397796,4.361001491546631,4.148818941611913,0.1438612937927246,0.14420562978588208
512,0,1502,4.394611597061157,4.293092205902232,4.250888347625732,4.148886897275038,0.1437232494354248,0.14420530862719336
512,0,1503,4.487996339797974,4.293221882638024,4.343601703643799,4.149016448044412,0.1443946361541748,0.14420543459361185
512,0,1504,4.510921239852905,4.293366629551066,4.367096424102783,4.149161448028494,0.14382481575012207,0.1442051815225723
512,0,1505,4.4262073040008545,4.293454895779936,4.282851219177246,4.149250278441217,0.1433560848236084,0.14420461733871917
512,0,1506,4.440256834030151,4.293552373826583,4.296708345413208,4.149348192164306,0.14354848861694336,0.14420418166227708
512,0,1507,4.4823157787323,4.293677631560429,4.3386921882629395,4.149473835161054,0.14362359046936035,0.14420379639937533
512,0,1508,4.504392623901367,4.29381736298771,4.3606648445129395,4.149613882249483,0.14372777938842773,0.1442034807382275
512,0,1509,4.396337270736694,4.293885301959048,4.253068208694458,4.149682440451236,0.14326906204223633,0.14420286150781267
512,0,1510,4.4894514083862305,4.294014815936815,4.345217227935791,4.149811933687981,0.14423418045043945,0.14420288224883426
512,0,1511,4.4623942375183105,4.29412625168902,4.318727016448975,4.149923723947915,0.14366722106933594,0.14420252774110462
512,0,1512,4.436692953109741,4.294220541835462,4.29325270652771,4.150018518248563,0.14344024658203125,0.14420202358689888
512,0,1513,4.4674131870269775,4.294335011528252,4.322577238082886,4.150132568955658,0.1448359489440918,0.14420244257259432
512,0,1514,4.373242378234863,4.294387130000318,4.2297682762146,4.150185168498101,0.14347410202026367,0.14420196150221629
512,0,1515,4.398551940917969,4.294455885651089,4.255321264266968,4.150254565260985,0.14323067665100098,0.14420132039010328
512,0,1516,4.35101842880249,4.294493196035752,4.207269906997681,4.150292174325455,0.14374852180480957,0.14420102171029767
512,0,1517,4.643818616867065,4.294723469879411,4.500960826873779,4.150523333621795,0.14285778999328613,0.1442001362576167
512,0,1518,4.604703664779663,4.294927672906356,4.460978031158447,4.150727849232821,0.14372563362121582,0.14419982367353476
512,0,1519,4.559428691864014,4.295101801292765,4.415583848953247,4.150902211312952,0.1438448429107666,0.1441995899798134
512,0,1520,4.468725204467773,4.295216027215908,4.324084281921387,4.151016146885722,0.14464092254638672,0.14419988033018613
512,0,1521,4.4678144454956055,4.2953295041510025,4.324345111846924,4.151130104127642,0.14346933364868164,0.1441994000233607
512,0,1522,4.543516397476196,4.295492570440967,4.4002158641815186,4.151293761000214,0.14330053329467773,0.14419880944075314
512,0,1523,4.4696269035339355,4.2956069068382705,4.326168060302734,4.151408583258456,0.14345884323120117,0.14419832357981452
512,0,1524,4.511098623275757,4.295748305602337,4.3677873611450195,4.15155056408384,0.1433112621307373,0.1441977415184962
512,0,1525,4.471242904663086,4.2958633840279505,4.327894449234009,4.151666199418365,0.14334845542907715,0.1441971846095851
512,0,1526,4.444287538528442,4.295960647563009,4.300327301025391,4.151763618226758,0.14396023750305176,0.14419702933625186
512,0,1527,4.55140233039856,4.296127930917846,4.407816171646118,4.151931301627818,0.1435861587524414,0.14419662929002802
512,0,1528,4.480947256088257,4.296248885973586,4.337916851043701,4.152053019919321,0.14303040504455566,0.1441958660542653
512,0,1529,4.577152729034424,4.296432603333337,4.433732748031616,4.152237244725149,0.14341998100280762,0.14419535860818847
512,0,1530,4.473247051239014,4.296548168331968,4.329425811767578,4.152353054246092,0.14382123947143555,0.14419511408587687
512,0,1531,4.487929582595825,4.29667317252156,4.344865322113037,4.152478797072916,0.14306426048278809,0.14419437544864427
512,0,1532,4.353245973587036,4.2967100999374,4.208399534225464,4.152515298859569,0.14484643936157227,0.14419480107783025
512,0,1533,4.419909715652466,4.296790464983528,4.276671409606934,4.152596287842444,0.14323830604553223,0.14419417714108382
512,0,1534,4.4252026081085205,4.296874175637455,4.2817583084106445,4.152680487334339,0.14344429969787598,0.14419368830311563
512,0,1535,4.437413930892944,4.29696573248127,4.293931007385254,4.152772507217109,0.14348292350769043,0.14419322526416095
512,0,1536,4.483350992202759,4.297087077051401,4.339812278747559,4.152894277901699,0.1435387134552002,0.14419279914970198
512,0,1537,4.455585718154907,4.297190199134097,4.312160491943359,4.152997899381232,0.14342522621154785,0.1441922997528652
512,0,1538,4.3698718547821045,4.297237456387444,4.225372314453125,4.153044956868275,0.1444995403289795,0.14419249951916957
512,0,1539,4.402163505554199,4.297305634457078,4.258440017700195,4.153113439688828,0.1437234878540039,0.14419219476825001
512,0,1540,4.4701828956604,4.297417892418899,4.32654881477356,4.15322606006226,0.14363408088684082,0.1441918323566387
512,0,1541,4.517578601837158,4.297560761146619,4.373195648193359,4.153368804765784,0.14438295364379883,0.14419195638083546
512,0,1542,4.388057708740234,4.297619449180078,4.244961738586426,4.153428203555551,0.1430959701538086,0.1441912456245274
512,0,1543,4.443507194519043,4.297713997297603,4.300175905227661,4.153523309000575,0.14333128929138184,0.14419068829702697
512,0,1544,4.437330961227417,4.2978044227923755,4.294051170349121,4.153614324454817,0.1432797908782959,0.1441900983375589
512,0,1545,4.4599058628082275,4.297909342818276,4.316384792327881,4.153719677508456,0.14352107048034668,0.14418966530981958
512,0,1546,4.40601921081543,4.297979271581533,4.262362241744995,4.153789950835905,0.14365696907043457,0.1441893207456285
512,0,1547,4.473865270614624,4.29809296647425,4.329892635345459,4.153903785796803,0.14397263526916504,0.14418918067744724
512,0,1548,4.401254177093506,4.2981596080831785,4.256971120834351,4.15397036676259,0.14428305625915527,0.14418924132058786
512,0,1549,4.42493200302124,4.298241449526005,4.280851602554321,4.154052278470655,0.14408040046691895,0.14418917105534987
512,0,1550,4.537117004394531,4.29839556278721,4.3931450843811035,4.154206531893823,0.14397192001342773,0.14418903089338733
512,0,1551,4.582610845565796,4.298578809262244,4.43912410736084,4.154390231168785,0.14348673820495605,0.14418857809345928
512,0,1552,4.452161073684692,4.298677766906847,4.308470010757446,4.154489509377283,0.1436910629272461,0.14418825752956352
512,0,1553,4.466047286987305,4.298785538651908,4.322857856750488,4.154597924282224,0.1431894302368164,0.14418761436968408
512,0,1554,4.462139129638672,4.2988906567928264,4.318301439285278,4.154703267599472,0.14383769035339355,0.14418738919335441
512,0,1555,4.5966737270355225,4.299082157159542,4.452263355255127,4.1548946245690255,0.1444103717803955,0.1441875325905165
512,0,1556,4.468000650405884,4.299190716602502,4.324380159378052,4.155003548434584,0.14362049102783203,0.14418716816791838
512,0,1557,4.450577974319458,4.299287946697374,4.30687689781189,4.1551010907270545,0.14370107650756836,0.14418685597032022
512,0,1558,4.5115392208099365,4.299424179864327,4.368173599243164,4.155237851002097,0.14336562156677246,0.14418632886223065
512,0,1559,4.4787070751190186,4.299539178514267,4.334900379180908,4.155353093162571,0.14380669593811035,0.1441860853516956
512,0,1560,4.419967412948608,4.299616376100442,4.276272535324097,4.155430605625495,0.14369487762451172,0.1441857704749474
512,0,1561,4.516427040100098,4.299755268261877,4.373026371002197,4.155570000734641,0.1434006690979004,0.14418526752723632
512,0,1562,4.72987699508667,4.300030634284172,4.585895776748657,4.15584549739022,0.1439812183380127,0.14418513689395254
512,0,1563,4.490915536880493,4.300152761541111,4.347378730773926,4.155968039446127,0.14353680610656738,0.14418472209498429
512,0,1564,4.42827844619751,4.30023468333437,4.284136772155762,4.156049988763717,0.14414167404174805,0.14418469457065358
512,0,1565,4.4534900188446045,4.3003326100663255,4.310522079467773,4.156148692975029,0.14296793937683105,0.1441839170912965
512,0,1566,4.451650857925415,4.300429237299952,4.308151006698608,4.156245757032324,0.14349985122680664,0.14418348026762826
512,0,1567,4.530489206314087,4.300576052851333,4.386925458908081,4.156392968073725,0.14356374740600586,0.14418308477760808
512,0,1568,4.520598888397217,4.300716373537268,4.376997947692871,4.156533660025013,0.1436009407043457,0.14418271351225523
512,0,1569,4.458749532699585,4.300817095754708,4.314927577972412,4.15663461217157,0.14382195472717285,0.1441824835831379
512,0,1570,4.900530099868774,4.3011990785598755,4.757164239883423,4.157017115119157,0.14336585998535156,0.14418196344071893
512,0,1571,4.554689168930054,4.301360434441715,4.411578178405762,4.157179152715138,0.143110990524292,0.14418128172657735
512,0,1572,4.555745840072632,4.301522257218834,4.411958932876587,4.15734122636664,0.14378690719604492,0.14418103085219405
512,0,1573,4.405996799468994,4.301588674601066,4.262549877166748,4.157408110442165,0.1434469223022461,0.14418056415890101
512,0,1574,4.422361135482788,4.301665404245844,4.279114007949829,4.157485433121648,0.14324712753295898,0.14417997112419584
512,0,1575,4.4677276611328125,4.301770840599423,4.324096918106079,4.15759121819148,0.1436307430267334,0.1441796224079435
512,0,1576,4.445287704467773,4.30186190459934,4.302005767822266,4.1576828517889615,0.1432819366455078,0.1441790528103785
512,0,1577,4.45967698097229,4.301961977571041,4.325591564178467,4.157789325290794,0.13408541679382324,0.1441726522802475
512,0,1578,4.478559732437134,4.302073889963225,4.343549013137817,4.1579070437241565,0.1350107192993164,0.1441668462390682
512,0,1579,4.453161954879761,4.302169575881475,4.318904638290405,4.158009005468657,0.13425731658935547,0.1441605704128176
512,0,1580,4.500223875045776,4.302294926703731,4.35685396194458,4.158134856706933,0.1433699131011963,0.1441600699967976
512,0,1581,4.392377614974976,4.302351905001182,4.248835325241089,4.158192225757239,0.14354228973388672,0.14415967924394313
512,0,1582,4.487395763397217,4.302468873306111,4.3438498973846436,4.158309582060418,0.14354586601257324,0.1441592912456932
512,0,1583,4.433542490005493,4.302551674074714,4.289570569992065,4.158392501193665,0.14397192001342773,0.14415917288104868
512,0,1584,4.511817216873169,4.302683786159814,4.368304252624512,4.15852502123876,0.14351296424865723,0.14415876492105348
512,0,1585,4.514452695846558,4.302817394304727,4.370642185211182,4.158658849102466,0.14381051063537598,0.14415854520226126
512,0,1586,4.4690141677856445,4.302922184199733,4.323954105377197,4.158763070575526,0.14506006240844727,0.14415911362420716
512,0,1587,4.486204147338867,4.3030376737795315,4.342163324356079,4.158878634692591,0.14404082298278809,0.14415903908694097
512,0,1588,4.527018070220947,4.30317871936923,4.383498668670654,4.159020083076707,0.14351940155029297,0.14415863629252243
512,0,1589,4.51038384437561,4.303309119070304,4.366415500640869,4.159150602533954,0.1439683437347412,0.14415851653635015
512,0,1590,4.472696304321289,4.303415651891216,4.328967094421387,4.15925740535904,0.14372920989990234,0.14415824653217627
512,0,1591,4.271536350250244,4.303395614618029,4.12752628326416,4.15923746122196,0.14401006698608398,0.14415815339606936
512,0,1592,4.412502765655518,4.303464149260641,4.269641876220703,4.159306810728869,0.14286088943481445,0.1441573385317721
512,0,1593,4.41832971572876,4.30353625570538,4.275044679641724,4.159379464758318,0.14328503608703613,0.14415679094706102
512,0,1594,4.346243143081665,4.303563047981022,4.202428340911865,4.159406471581501,0.1438148021697998,0.14415657639952195
512,0,1595,4.37341570854187,4.303606842752535,4.230536937713623,4.1594510674850325,0.14287877082824707,0.14415577526750237
512,0,1596,4.333301544189453,4.303625448455189,4.1899254322052,4.159470161698516,0.14337611198425293,0.14415528675667325
512,0,1597,4.360913276672363,4.303661320608112,4.2178895473480225,4.1595067424033685,0.14302372932434082,0.14415457820474317
512,0,1598,4.360317707061768,4.303696775167845,4.216838836669922,4.159542619809042,0.1434788703918457,0.1441541553588027
512,0,1599,4.359371662139893,4.303731593733806,4.215909481048584,4.159577871129392,0.1434621810913086,0.144153722604414
512,0,1600,4.3390374183654785,4.303753659874201,4.194813966751099,4.159599893689156,0.14422345161437988,0.14415376618504525
512,0,1601,4.3280980587005615,4.303768865619876,4.184447288513184,4.159615413610969,0.14365077018737793,0.14415345200890678
512,0,1602,4.364881277084351,4.303807013192575,4.221397161483765,4.159653978996658,0.14348411560058594,0.14415303419591782
512,0,1603,4.327086925506592,4.303821535907682,4.183553457260132,4.159668888215787,0.14353346824645996,0.14415264769189445
512,0,1604,4.41066575050354,4.303888147014038,4.267082214355469,4.159735854129839,0.1435835361480713,0.1441522928841988
512,0,1605,4.322049379348755,4.303899462423592,4.178045272827148,4.159747261867345,0.14400410652160645,0.14415220055624703
512,0,1606,4.477497339248657,4.3040075557466455,4.333560943603516,4.159855489564565,0.1439363956451416,0.1441520661820807
512,0,1607,4.573646783828735,4.304175346181047,4.430104494094849,4.160023659449152,0.14354228973388672,0.14415168673189516
512,0,1608,4.547201156616211,4.3043264816352975,4.403051137924194,4.1601747959407405,0.1441500186920166,0.1441516856945569
512,0,1609,4.475690126419067,4.304432984832802,4.332136154174805,4.160281670619569,0.1435539722442627,0.14415131421323293
512,0,1610,4.444541692733765,4.304520008874976,4.300711631774902,4.160368894197926,0.1438300609588623,0.1441511146770501
512,0,1611,4.756715774536133,4.304800701466944,4.612964868545532,4.160649835212419,0.14375090599060059,0.14415086625452592
512,0,1612,4.357829809188843,4.304833597935755,4.213892936706543,4.160682864431708,0.1439368724822998,0.14415073350404686
512,0,1613,4.4427525997161865,4.304919102586579,4.29889702796936,4.1607685520718425,0.14385557174682617,0.14415055051473674
512,0,1614,4.452686786651611,4.305010656294178,4.309107065200806,4.160860459452963,0.14357972145080566,0.1441501968412151
512,0,1615,4.160314321517944,4.304921061040448,4.016460657119751,4.160771047810652,0.14385366439819336,0.1441500132297953
512,0,1616,4.435978889465332,4.3050021611817995,4.292471408843994,4.160852545558816,0.1435074806213379,0.14414961562298312
512,0,1617,4.41295599937439,4.305068922986495,4.269017219543457,4.16091943775052,0.14393877983093262,0.14414948523597504
512,0,1618,4.300920009613037,4.305066358763149,4.157046794891357,4.160917044275329,0.1438732147216797,0.14414931448782037
512,0,1619,4.406883716583252,4.305129247804421,4.26339864730835,4.16098034359777,0.14348506927490234,0.14414890420665116
512,0,1620,4.37456202507019,4.305172107543474,4.23007345199585,4.161022993664683,0.14448857307434082,0.1441491138787917
512,0,1621,4.3692381381988525,4.30521163007935,4.226245164871216,4.1610632294273024,0.14299297332763672,0.14414840065204826
512,0,1622,4.387157440185547,4.305262151540576,4.24298882484436,4.16111373842571,0.14416861534118652,0.14414841311486523
512,0,1623,4.385033369064331,4.30531130201348,4.241539478302002,4.161163292177944,0.1434938907623291,0.14414800983553527
512,0,1624,4.30585789680481,4.305311638586628,4.161586761474609,4.161163552934901,0.1442711353302002,0.14414808565172657
512,0,1625,4.4559760093688965,4.3054043551224925,4.31218695640564,4.161256490413959,0.14378905296325684,0.14414786470853366
512,0,1626,4.381819009780884,4.305451350605063,4.238247632980347,4.161303840440138,0.1435713768005371,0.1441475101649248
512,0,1627,4.367168426513672,4.30548928365725,4.222558498382568,4.161341489277226,0.14460992813110352,0.14414779438002387
512,0,1628,4.4266064167022705,4.305563679930619,4.282828092575073,4.161416112497925,0.14377832412719727,0.1441475674326941
512,0,1629,4.437030553817749,4.305644383966154,4.292705059051514,4.161496707308578,0.14432549476623535,0.14414767665757658
512,0,1630,4.374976634979248,4.305686919089475,4.231049060821533,4.161539377464107,0.14392757415771484,0.14414754162536808
512,0,1631,4.472250699996948,4.305789042805543,4.328847169876099,4.161641957349093,0.1434035301208496,0.14414708545645052
512,0,1632,4.241822957992554,4.305749847900634,4.0979437828063965,4.161602926604888,0.14387917518615723,0.1441469212957457
512,0,1633,4.420011043548584,4.305819818014318,4.2767133712768555,4.161673416773088,0.14329767227172852,0.14414640124123007
512,0,1634,4.410600662231445,4.305883943377976,4.26717734336853,4.161737984659622,0.14342331886291504,0.14414595871835473
512,0,1635,4.366954326629639,4.305921295294338,4.221327781677246,4.161774431018654,0.14562654495239258,0.1441468642756844
512,0,1636,4.389999151229858,4.305972687626817,4.247289419174194,4.16182670179381,0.14270973205566406,0.14414598583300714
512,0,1637,4.3784050941467285,4.306016934668064,4.235142946243286,4.16187148874827,0.14326214790344238,0.14414544591979422
512,0,1638,4.400519609451294,4.306074628608713,4.257964849472046,4.161930153803657,0.14255475997924805,0.1441444748050564
512,0,1639,4.323795318603516,4.306085440500107,4.18052339553833,4.161941498063409,0.14327192306518555,0.14414394243669773
512,0,1640,4.3467793464660645,4.306110253857403,4.203313827514648,4.161966725093563,0.14346551895141602,0.14414352876384084
512,0,1641,4.38099479675293,4.306155887338753,4.237570524215698,4.162012796878524,0.14342427253723145,0.14414309046022925
512,0,1642,4.352227449417114,4.30618394553734,4.208557844161987,4.162041143435944,0.14366960525512695,0.14414280210139546
512,0,1643,4.361579418182373,4.3062176615888585,4.218260765075684,4.162075361099754,0.14331865310668945,0.1441423004891041
512,0,1644,4.361918210983276,4.306251542701628,4.219425916671753,4.162110245865917,0.14249229431152344,0.1441412968357114
512,0,1645,4.303382873535156,4.306249798829795,4.159801483154297,4.162108842362749,0.14358139038085938,0.14414095646704583
512,0,1646,4.35145378112793,4.306277261759502,4.207863807678223,4.16213664003305,0.14358997344970703,0.14414062172645206
512,0,1647,4.3177313804626465,4.306284216294234,4.175114154815674,4.162144519519864,0.14261722564697266,0.1441396967743698
512,0,1648,4.303215980529785,4.306282354500688,4.160444736480713,4.162143488098117,0.14277124404907227,0.14413886640257048
512,0,1649,4.346644163131714,4.306306831037152,4.203860282897949,4.162168786336322,0.14278388023376465,0.14413804470083075
512,0,1650,4.2811760902404785,4.306291600285154,4.1374125480651855,4.162153782555551,0.14376354217529297,0.14413781772960316
512,0,1651,4.359212875366211,4.306323654358493,4.216215133666992,4.162186527165552,0.14299774169921875,0.1441371271929403
512,0,1652,4.265236139297485,4.3062987829813375,4.122848749160767,4.162162714951264,0.14238739013671875,0.14413606803007334
512,0,1653,4.382434129714966,4.306344841872282,4.239438533782959,4.1622094637829825,0.14299559593200684,0.14413537808930016
512,0,1654,4.349997282028198,4.3063712339159075,4.207265377044678,4.162236704359319,0.1427319049835205,0.14413452955658806
512,0,1655,3.9673209190368652,4.30616636967731,3.8235819339752197,4.162032079120417,0.1437389850616455,0.14413429055689325
512,0,1656,4.2207136154174805,4.306114767772564,4.077607870101929,4.161981098317869,0.14310574531555176,0.14413366945469436
512,0,1657,4.155462980270386,4.306023849373347,4.013064384460449,4.161891227036121,0.14239859580993652,0.1441326223372262
512,0,1658,4.111529588699341,4.305906542822881,3.968269109725952,4.161774446506984,0.14326047897338867,0.144132096315897
512,0,1659,3.957847833633423,4.305696742515956,3.814561605453491,4.161565156066325,0.14328622817993164,0.1441315864496306
512,0,1660,4.280056953430176,4.305681296859879,4.1369874477386475,4.161550350217934,0.14306950569152832,0.14413094664194498
512,0,1661,4.01025652885437,4.305503437276492,3.8635525703430176,4.161370941560574,0.14670395851135254,0.14413249571591813
512,0,1662,4.052675724029541,4.305351314705345,3.9077236652374268,4.161218325870849,0.14495205879211426,0.14413298883449588
512,0,1663,4.1259095668792725,4.305243412271294,3.9833409786224365,4.161111364146707,0.14256858825683594,0.14413204812458746
512,0,1664,4.038788080215454,4.305083282865011,3.896150588989258,4.160952132911636,0.1426374912261963,0.1441311499533745
512,0,1665,4.0575480461120605,4.304934613053147,3.9141430854797363,4.160803899249515,0.14340496063232422,0.14413071380363213
512,0,1666,4.167408466339111,4.304852064345635,4.024037599563599,4.160721806632656,0.1433708667755127,0.144130257712979
512,0,1667,4.04433274269104,4.30469578400871,3.900156259536743,4.1605654985660125,0.14417648315429688,0.14413028544269785
512,0,1668,4.051919221878052,4.304544239307193,3.908493757247925,4.160414376418939,0.14342546463012695,0.14412986288825386
512,0,1669,4.231553792953491,4.304500506265639,4.0866858959198,4.16037020117598,0.1448678970336914,0.14413030508965916
512,0,1670,4.376405954360962,4.304543563420187,4.230332851409912,4.160412094978515,0.1460731029510498,0.14413146844167196
512,0,1671,4.325479984283447,4.304556092696586,4.1825666427612305,4.160425353235716,0.1429133415222168,0.14413073946087038
512,0,1672,4.2402544021606445,4.304517634747701,4.096482753753662,4.160387110054208,0.14377164840698242,0.14413052469349363
512,0,1673,4.443993091583252,4.3046010032216016,4.3000311851501465,4.16047057931607,0.14396190643310547,0.14413042390553166
512,0,1674,4.304019451141357,4.304600655818926,4.160113573074341,4.160470366050693,0.1439058780670166,0.14413028976823267
512,0,1675,4.26538872718811,4.30457724571228,4.120336055755615,4.160446405268427,0.14505267143249512,0.14413084044385313
512,0,1676,4.264488458633423,4.304553326388247,4.120572805404663,4.160422614337721,0.14391565322875977,0.1441307120505267
512,0,1677,4.184062957763672,4.304481477629378,4.040122032165527,4.1603508787490675,0.14394092559814453,0.1441305988803106
512,0,1678,4.1262547969818115,4.3043752638745225,3.982675075531006,4.16024499328827,0.14357972145080566,0.1441302705862525
512,0,1679,4.233117341995239,4.3043328231825155,4.0885655879974365,4.160202301563856,0.14455175399780273,0.1441305216186596
512,0,1680,4.123337507247925,4.304225087875412,3.9797632694244385,4.160094897378059,0.14357423782348633,0.14413019049735296
512,0,1681,4.1855175495147705,4.3041544706604435,4.041890621185303,4.160024579545701,0.14362692832946777,0.14412989111474267
512,0,1682,4.1538777351379395,4.304065126584629,4.0106120109558105,4.1599357492433295,0.1432657241821289,0.1441293773412988
512,0,1683,4.157184839248657,4.303977853686627,4.013828754425049,4.159848935818006,0.1433560848236084,0.14412891786862042
512,0,1684,4.206016540527344,4.303919681885463,4.0625,4.159791127661345,0.14351654052734375,0.1441285542241185
512,0,1685,4.251112937927246,4.3038883425715415,4.1078197956085205,4.159760284140838,0.14329314231872559,0.1441280584307028
512,0,1686,4.350080490112305,4.303915740049323,4.206857681274414,4.159788218540087,0.14322280883789062,0.14412752150923613
512,0,1687,4.155005931854248,4.303827471046245,4.0111448764801025,4.159700107489667,0.1438610553741455,0.14412736355657751
512,0,1688,4.194493293762207,4.303762699614204,4.050443649291992,4.159635382099739,0.14404964447021484,0.14412731751446475
512,0,1689,4.193863868713379,4.303697632218762,4.050779581069946,4.159570932247146,0.14308428764343262,0.1441266999716163
512,0,1690,4.186903715133667,4.303628523392085,4.043665170669556,4.159502348956272,0.14323854446411133,0.14412617443581305
512,0,1691,4.088352203369141,4.303501216283851,3.9461421966552734,4.159376175004586,0.1422100067138672,0.14412504127926548
512,0,1692,4.2201828956604,4.303451973777572,4.076669692993164,4.159327294105052,0.14351320266723633,0.14412467967252077
512,0,1693,4.302671194076538,4.303451512596414,4.159289598464966,4.159327271839464,0.14338159561157227,0.1441242407569502
512,0,1694,4.160211563110352,4.303366955365313,4.017223358154297,4.159243385231622,0.1429882049560547,0.14412357013369112
512,0,1695,4.164936780929565,4.303285285645882,4.019182205200195,4.159160753267002,0.14575457572937012,0.14412453237888032
512,0,1696,4.151678085327148,4.303195894607958,4.009045600891113,4.159072241974327,0.14263248443603516,0.144123652633631
512,0,1697,4.152352333068848,4.303107006239343,4.0080695152282715,4.1589832598136045,0.14428281784057617,0.1441237464257388
512,0,1698,4.250815153121948,4.303076210094987,4.107580184936523,4.158952987095773,0.1432349681854248,0.1441232229992133
512,0,1699,4.232801675796509,4.303034847802874,4.0888426303863525,4.1589117214355555,0.14395904541015625,0.1441231263673186
512,0,1700,4.159468650817871,4.3029503970987655,4.0162434577941895,4.158827798927532,0.14322519302368164,0.14412259817123413
512,0,1701,4.134702444076538,4.302851485897694,3.991872787475586,4.158729647833203,0.14282965660095215,0.14412183806449086
512,0,1702,4.3577399253845215,4.302883735274596,4.214508295059204,4.15876242024638,0.14323163032531738,0.1441213150282164
512,0,1703,4.445454359054565,4.302967452610932,4.300099611282349,4.158845413312167,0.1453547477722168,0.14412203929876483
512,0,1704,4.252039432525635,4.302937565275201,4.107005596160889,4.158814990884261,0.1450338363647461,0.1441225743909397
512,0,1705,4.105352163314819,4.302821679408948,3.9621012210845947,4.158699616239217,0.1432509422302246,0.14412206316973108
512,0,1706,4.1034626960754395,4.30270482185717,3.960275888442993,4.1585833069028775,0.1431868076324463,0.14412151495429304
512,0,1707,4.357638835906982,4.302737003470557,4.214231252670288,4.158615906753942,0.14340758323669434,0.1441210967166143
512,0,1708,4.576937913894653,4.302897542645278,4.4329938888549805,4.1587765496006055,0.14394402503967285,0.1441209930446723
512,0,1709,4.488321542739868,4.303006041182489,4.344920873641968,4.158885469626376,0.1434006690979004,0.14412057155611363
512,0,1710,4.431287050247192,4.303081059316446,4.287716865539551,4.158960809623986,0.1435701847076416,0.14412024969245954
512,0,1711,4.506353855133057,4.303199862820722,4.362980604171753,4.159080049714312,0.1433732509613037,0.14411981310640978
512,0,1712,4.5715131759643555,4.30335658788681,4.428325891494751,4.159237319481707,0.1431872844696045,0.14411926840510325
512,0,1713,4.499433517456055,4.303471051943768,4.356374502182007,4.159352402483867,0.14305901527404785,0.14411864945990122
512,0,1714,4.449894666671753,4.303556479957028,4.306792259216309,4.159438423403781,0.14310240745544434,0.14411805655324753
512,0,1715,4.411884784698486,4.303619645149298,4.268510580062866,4.1595020223289465,0.14337420463562012,0.14411762282035093
512,0,1716,4.408795118331909,4.303680936217585,4.265394687652588,4.159563731341373,0.1434004306793213,0.1441172048762128
512,0,1717,4.538084506988525,4.303817455478373,4.394477367401123,4.159700547669888,0.14360713958740234,0.1441169078084849
512,0,1718,4.408807039260864,4.303878566993962,4.2653374671936035,4.159762035981601,0.14346957206726074,0.1441165310123608
512,0,1719,4.499354124069214,4.303992281686851,4.355790615081787,4.1598760723859645,0.14356350898742676,0.14411620930088614
512,0,1720,4.508778095245361,4.304111343206362,4.365422964096069,4.159995576392773,0.143355131149292,0.1441157668135887
512,0,1721,4.4929728507995605,4.304221082606474,4.349204778671265,4.1601055178234985,0.1437680721282959,0.14411556478297552
512,0,1722,4.50137996673584,4.304335576731984,4.357924699783325,4.160220395397226,0.14345526695251465,0.14411518133475806
512,0,1723,4.404019355773926,4.304393431507981,4.260385036468506,4.160278529257395,0.14363431930541992,0.14411490225058549
512,0,1724,4.343015670776367,4.304415834198972,4.199899911880493,4.160301511497896,0.14311575889587402,0.1441143227010758
512,0,1725,4.432104825973511,4.304489856802899,4.2886059284210205,4.160375890870025,0.14349889755249023,0.1441139659328737
512,0,1726,4.502309560775757,4.3046044684506235,4.358461380004883,4.160490656506836,0.14384818077087402,0.14411381194378797
512,0,1727,4.404125928878784,4.304662095237207,4.261312246322632,4.160549036118773,0.14281368255615234,0.14411305911843322
512,0,1728,4.404198408126831,4.304719697270128,4.260670900344849,4.1606069770124225,0.14352750778198242,0.1441127202577061
512,0,1729,4.374408006668091,4.304760002827906,4.231147766113281,4.160647775618033,0.14326024055480957,0.14411222720987332
512,0,1730,4.39673376083374,4.304813166849875,4.253154754638672,4.160701247860241,0.14357900619506836,0.14411191898963355
512,0,1731,4.50160551071167,4.304926853934718,4.3572492599487305,4.160814793794435,0.14435625076293945,0.1441120601402825
512,0,1732,4.393656015396118,4.3049780832427205,4.250084638595581,4.160866335275267,0.1435713768005371,0.14411174796745352
512,0,1733,4.291488885879517,4.304970299516602,4.147735595703125,4.160858758391497,0.1437532901763916,0.14411154112510438
512,0,1734,4.255261659622192,4.304941632480907,4.111673593521118,4.160830393244513,0.14358806610107422,0.14411123923639388
512,0,1735,4.344278812408447,4.30496430520709,4.20074200630188,4.160853397056074,0.14353680610656738,0.14411090815101646
512,0,1736,4.399377107620239,4.305018690461937,4.255935192108154,4.160908167675344,0.14344191551208496,0.14411052278659311
512,0,1737,4.406265497207642,4.305076978779003,4.263107776641846,4.160967004525641,0.1431577205657959,0.14410997425336294
512,0,1738,4.55186915397644,4.3052189765783115,4.408585548400879,4.1611094777959945,0.14328360557556152,0.14410949878231702
512,0,1739,4.516993522644043,4.305340756075761,4.374076843261719,4.161231943216044,0.14291667938232422,0.14410881285971783
512,0,1740,4.361262321472168,4.30537289490645,4.217716932296753,4.161264405853447,0.14354538917541504,0.14410848905300272
512,0,1741,4.458000183105469,4.305460561355732,4.314569711685181,4.161352461744218,0.14343047142028809,0.1441080996115135
512,0,1742,4.48098611831665,4.305561322295433,4.338019847869873,4.1614538781541635,0.14296627044677734,0.1441074441412697
512,0,1743,4.425003290176392,4.305629848955147,4.282177209854126,4.161523139962368,0.14282608032226562,0.14410670899277916
512,0,1744,4.32348108291626,4.305640084754437,4.180153131484985,4.161533822296956,0.14332795143127441,0.14410626245748012
512,0,1745,4.111254930496216,4.305528689250563,3.9664995670318604,4.161422054815429,0.14475536346435547,0.1441066344351345
512,0,1746,4.1585657596588135,4.3054445180423215,4.01542329788208,4.161338435825204,0.1431424617767334,0.14410608221711707
512,0,1747,4.1354570388793945,4.305347215535645,3.9921212196350098,4.161241574224637,0.14333581924438477,0.1441056413110079
512,0,1748,4.181260347366333,4.305276227624793,4.037975788116455,4.161171056040365,0.14328455924987793,0.14410517158442832
512,0,1749,4.191124200820923,4.305210960599748,4.048770189285278,4.161106790250339,0.14235401153564453,0.144104170349409
512,0,1750,4.014291763305664,4.305044721058437,3.871337413787842,4.160941207749503,0.14295434951782227,0.1441035133089338
512,0,1751,4.239559650421143,4.305007322388741,4.0967748165130615,4.1609045621805505,0.14278483390808105,0.14410276020819088
512,0,1752,4.223968982696533,4.304961067628643,4.080293416976929,4.160858551252923,0.1436755657196045,0.14410251637572022
512,0,1753,4.204344987869263,4.304903671119938,4.060658693313599,4.160801392178228,0.14368629455566406,0.14410227894170993
512,0,1754,4.469900608062744,4.304997740069164,4.326272249221802,4.160895731321355,0.14362835884094238,0.14410200874780985
512,0,1755,4.428189754486084,4.305067934949173,4.284345626831055,4.160966073142157,0.1438441276550293,0.14410186180701623
512,0,1756,4.479420900344849,4.305167224792793,4.336265325546265,4.161065901873595,0.14315557479858398,0.14410132291919822
512,0,1757,4.312259912490845,4.305171261609924,4.169139385223389,4.1610704969124965,0.14312052726745605,0.14410076469742716
512,0,1758,4.443758487701416,4.305250093934207,4.300906658172607,4.1611500396663414,0.1428518295288086,0.14410005426786593
512,0,1759,4.4494476318359375,4.30533207093131,4.306344747543335,4.161232583559393,0.14310288429260254,0.14409948737191638
512,0,1760,4.330425977706909,4.305346328832886,4.187495470046997,4.161247505653988,0.1429305076599121,0.14409882317889822
512,0,1761,4.396828651428223,4.3053982779087505,4.25295352935791,4.161299581760578,0.1438751220703125,0.14409869614817214
512,0,1762,4.405139923095703,4.305454884971852,4.26153302192688,4.161356467935473,0.14360690116882324,0.1440984170363791
512,0,1763,4.406104564666748,4.305511974977351,4.263101816177368,4.1614141794205795,0.14300274848937988,0.14409779555677218
512,0,1764,4.440968036651611,4.305588764127961,4.2980194091796875,4.161491620027019,0.14294862747192383,0.14409714410094177
512,0,1765,4.36993408203125,4.305625220398728,4.226819276809692,4.161528632863723,0.14311480522155762,0.14409658753500443
512,0,1766,4.488046169281006,4.305728516519272,4.344322204589844,4.161632139982481,0.1437239646911621,0.1440963765367916
512,0,1767,4.467633008956909,4.305820143283527,4.323807954788208,4.161723920296462,0.14382505416870117,0.14409622298706434
512,0,1768,4.448141098022461,4.305900641561093,4.304926633834839,4.161804917306382,0.14321446418762207,0.14409572425471173
512,0,1769,4.353206634521484,4.30592738321907,4.210434675216675,4.161832407276936,0.14277195930480957,0.14409497594213405
512,0,1770,4.393380880355835,4.3059767919745155,4.250264644622803,4.161882368992951,0.14311623573303223,0.14409442298156394
512,0,1771,4.453802108764648,4.306060261944469,4.310973882675171,4.161966553924448,0.14282822608947754,0.14409370802002125
512,0,1772,4.442790269851685,4.30613742334848,4.298860788345337,4.162043808007079,0.14392948150634766,0.1440936153414018
512,0,1773,4.424494981765747,4.306204178880583,4.281250476837158,4.162111042450864,0.14324450492858887,0.14409313642971944
512,0,1774,4.4341089725494385,4.306276278538795,4.290814638137817,4.162183592392062,0.1432943344116211,0.14409268614673293
512,0,1775,4.323476791381836,4.306285968968566,4.180005073547363,4.1621936326631355,0.14347171783447266,0.14409233630543022
512,0,1776,4.431731700897217,4.306356602826634,4.288918972015381,4.162264987020879,0.14281272888183594,0.1440916158057548
512,0,1777,4.412917852401733,4.306416569765055,4.26952338218689,4.162325346275334,0.14339447021484375,0.14409122348972164
512,0,1778,4.312532186508179,4.306420009369523,4.1693642139434814,4.162329305143539,0.14316797256469727,0.14409070422598427
512,0,1779,4.320252895355225,4.306427785022128,4.177170753479004,4.162337647722704,0.1430821418762207,0.14409013729942455
512,0,1780,4.334262847900391,4.306443422697903,4.190442323684692,4.162353436866503,0.14382052421569824,0.14408998583139998
512,0,1781,4.474662780761719,4.3065378748922125,4.331450462341309,4.1624483818555404,0.14321231842041016,0.14408949303667173
512,0,1782,4.509079694747925,4.30665153472378,4.365245819091797,4.162562185131206,0.14383387565612793,0.1440893495925749
512,0,1783,4.445196866989136,4.306729238219162,4.302361965179443,4.162640592186757,0.14283490180969238,0.14408864603240504
512,0,1784,4.349209308624268,4.30675304991782,4.205614805221558,4.162664680871194,0.14359450340270996,0.14408836904662606
512,0,1785,4.428359508514404,4.30682117678538,4.2852373123168945,4.1627333490120595,0.14312219619750977,0.14408782777332124
512,0,1786,4.414112567901611,4.306881250352635,4.271105527877808,4.16279402772363,0.1430070400238037,0.1440872226290046
512,0,1787,4.407177448272705,4.306937375813139,4.263904333114624,4.162850608756306,0.14327311515808105,0.14408676705683285
512,0,1788,4.4600019454956055,4.307022982395735,4.316586971282959,4.162936591061969,0.14341497421264648,0.14408639133376563
512,0,1789,4.450662851333618,4.307103272987652,4.3071699142456055,4.163017213377891,0.1434929370880127,0.14408605960976018
512,0,1790,4.319272041320801,4.307110071182251,4.1752331256866455,4.163024037909907,0.14403891563415527,0.14408603327234365
512,0,1791,4.429635524749756,4.307178482937453,4.28689980506897,4.163093203609047,0.14273571968078613,0.14408527932840642
512,0,1792,4.491161584854126,4.307281152079148,4.347990274429321,4.163196382778032,0.1431713104248047,0.14408476930111647
512,0,1793,4.357900857925415,4.307309383928477,4.214772701263428,4.163225148153651,0.1431281566619873,0.14408423577482582
512,0,1794,4.425359487533569,4.307375186661813,4.281615495681763,4.163291140543577,0.14374399185180664,0.1440840461182355
512,0,1795,4.4864420890808105,4.3074749453818235,4.343347549438477,4.1633914505206775,0.14309453964233398,0.14408349486114588
512,0,1796,4.475035190582275,4.307568241732158,4.332219362258911,4.163485452698706,0.14281582832336426,0.14408278903345223
512,0,1797,4.520195484161377,4.307686565183704,4.376925945281982,4.16360422871016,0.14326953887939453,0.14408233647354457
512,0,1798,4.529719829559326,4.307810054207272,4.386442422866821,4.163728165414362,0.14327740669250488,0.14408188879290995
512,0,1799,4.453861474990845,4.307891238988142,4.310313940048218,4.163809647223498,0.14354753494262695,0.1440815917646441
512,0,1800,4.407663345336914,4.307946667936114,4.264585256576538,4.163865633673138,0.14307808876037598,0.14408103426297506
512,0,1801,4.431818962097168,4.308015447666353,4.287994384765625,4.163934555800341,0.14382457733154297,0.14408089186601147
512,0,1802,4.391613245010376,4.308061839340794,4.248548269271851,4.163981511246218,0.1430649757385254,0.14408032809457558
512,0,1803,4.442088842391968,4.3081361748943445,4.298698663711548,4.164056229578146,0.14339017868041992,0.14407994531619833
512,0,1804,4.4152514934539795,4.308195551456739,4.271794319152832,4.16411595135729,0.14345717430114746,0.14407960009944942
512,0,1805,4.45189642906189,4.308275164131312,4.308988332748413,4.164196213064431,0.14290809631347656,0.144078951066881
512,0,1806,4.392611503601074,4.308321861993699,4.249913454055786,4.164243675545601,0.14269804954528809,0.14407818644809828
512,0,1807,4.375932216644287,4.30835927779594,4.231908321380615,4.1642811213927695,0.14402389526367188,0.14407815640317054
512,0,1808,4.442950248718262,4.308433719704636,4.299268484115601,4.164355782544718,0.14368176460266113,0.14407793715991804
512,0,1809,4.443182468414307,4.308508207680706,4.299447536468506,4.164430460131189,0.14373493194580078,0.14407774754951777
512,0,1810,4.407409191131592,4.308562849108027,4.263515949249268,4.1644852034953415,0.14389324188232422,0.14407764561268507
512,0,1811,4.437148571014404,4.308633851715375,4.29348087310791,4.164556432468071,0.14366769790649414,0.1440774192473034
512,0,1812,4.4538984298706055,4.308714019804865,4.310617446899414,4.16463704009193,0.1432809829711914,0.14407697971293468
512,0,1813,4.365241289138794,4.308745198662742,4.221254348754883,4.164668268612979,0.14398694038391113,0.14407693004976369
512,0,1814,4.385452032089233,4.308787484678964,4.241602182388306,4.164710679811312,0.14384984970092773,0.14407680486765298
512,0,1815,4.501187324523926,4.308893490100367,4.357869863510132,4.164817103603983,0.14331746101379395,0.14407638649638363
512,0,1816,4.37085223197937,4.3089276083503005,4.227202892303467,4.164851457011857,0.14364933967590332,0.14407615133844284
512,0,1817,4.472357511520386,4.309017553261236,4.329057216644287,4.164941828921396,0.14330029487609863,0.14407572433983945
512,0,1818,4.417287111282349,4.309077107473569,4.2741217613220215,4.165001883889714,0.14316534996032715,0.14407522358385513
512,0,1819,4.4288318157196045,4.309142942937145,4.285986423492432,4.16506839545629,0.14284539222717285,0.1440745474808553
512,0,1820,4.365180492401123,4.309173732799488,4.221812009811401,4.165099573266375,0.14336848258972168,0.14407415953311292
512,0,1821,4.481120824813843,4.309268157342054,4.337518215179443,4.165194256760012,0.14360260963439941,0.14407390058204278
512,0,1822,4.468587398529053,4.3093555992966035,4.325669050216675,4.165282332936443,0.14291834831237793,0.1440732663601604
512,0,1823,4.503710031509399,4.309462211711422,4.358371019363403,4.165388251031027,0.1453390121459961,0.14407396068039402
512,0,1824,4.491699457168579,4.309562122481958,4.348882436752319,4.16548885091355,0.14281702041625977,0.1440732715684071
512,0,1825,4.516040802001953,4.309675261484434,4.3723273277282715,4.165602187065229,0.14371347427368164,0.1440730744192045
512,0,1826,4.471009731292725,4.309763615520473,4.327974557876587,4.165691109502694,0.1430351734161377,0.14407250601777893
512,0,1827,4.474888563156128,4.309853995896847,4.331183433532715,4.165781690960839,0.14370512962341309,0.14407230493600864
512,0,1828,4.524125576019287,4.309971212297352,4.380568265914917,4.165899189087181,0.14355731010437012,0.14407202321017076
512,0,1829,4.557693243026733,4.310106653538867,4.414100646972656,4.166034892453986,0.14359259605407715,0.14407176108488037
512,0,1830,4.367624282836914,4.31013808393739,4.224472999572754,4.166066825845854,0.14315128326416016,0.14407125809153573
512,0,1831,4.406875848770142,4.310190917233311,4.26320219039917,4.166119876290722,0.14367365837097168,0.1440710409425895
512,0,1832,4.402904272079468,4.310241524959756,4.259658098220825,4.166170934272125,0.14324617385864258,0.144070590687631
512,0,1833,4.420767545700073,4.310301822843411,4.278177261352539,4.166232039742436,0.14259028434753418,0.14406978310097518
512,0,1834,4.402951002120972,4.310352340389365,4.259692907333374,4.166282999866532,0.14325809478759766,0.14406934052283268
512,0,1835,4.461956739425659,4.3104349585904735,4.318688631057739,4.166366054706417,0.14326810836791992,0.14406890388405616
512,0,1836,4.42055606842041,4.310494937408464,4.277183532714844,4.166426412809908,0.1433725357055664,0.14406852459855587
512,0,1837,4.335657358169556,4.310508634970119,4.192384481430054,4.1664405434950575,0.14327287673950195,0.14406809147506158
512,0,1838,4.443134069442749,4.310580792442629,4.299811840057373,4.166513106768487,0.14332222938537598,0.14406768567414227
512,0,1839,4.453353404998779,4.310658428447281,4.309872627258301,4.16659106191829,0.14348077774047852,0.14406736652899074
512,0,1840,4.617581844329834,4.310825234651565,4.47484827041626,4.166758593009866,0.14273357391357422,0.14406664164169974
512,0,1841,4.274853706359863,4.310805695527018,4.132465600967407,4.166739965637762,0.14238810539245605,0.14406572988925584
512,0,1842,4.365615129470825,4.310835450920038,4.2232115268707275,4.166770623380017,0.14240360260009766,0.14406482754002176
512,0,1843,4.393428325653076,4.31088026528506,4.249095678329468,4.166815292427738,0.1443326473236084,0.1440649728573216
512,0,1844,4.37840723991394,4.310916885119457,4.235193252563477,4.166852373751022,0.14321398735046387,0.144064511368435
512,0,1845,4.404672384262085,4.310967701108153,4.261800050735474,4.166903835906569,0.14287233352661133,0.14406386520158307
512,0,1846,4.206359624862671,4.3109110336779,4.062788724899292,4.166847435521408,0.1435708999633789,0.14406359815649195
512,0,1847,4.149841070175171,4.310823827417205,4.006251573562622,4.166760485948068,0.14358949661254883,0.14406334146913735
512,0,1848,4.388497591018677,4.310865858674565,4.245575189590454,4.166803134597225,0.14292240142822266,0.14406272407734033
512,0,1849,4.348482131958008,4.31088620279208,4.205024242401123,4.166823805829137,0.14345788955688477,0.14406239696294312
512,0,1850,4.367772340774536,4.3109169520558535,4.224766492843628,4.166855126200495,0.1430058479309082,0.14406182585535823
512,0,1851,4.62296724319458,4.311085536762033,4.479550361633301,4.167024059336872,0.1434168815612793,0.14406147742516154
512,0,1852,4.457719326019287,4.3111647126741595,4.313453674316406,4.167103125003708,0.14426565170288086,0.14406158767045188
512,0,1853,4.381999492645264,4.311202939754554,4.239145755767822,4.167142003919392,0.1428537368774414,0.14406093583516152
512,0,1854,4.415361642837524,4.311259120284803,4.272079229354858,4.167198604364611,0.14328241348266602,0.14406051592019256
512,0,1855,4.350589752197266,4.3112803227817915,4.207532644271851,4.167220347782351,0.14305710792541504,0.14405997499944065
512,0,1856,4.207530975341797,4.311224423348904,4.0647265911102295,4.16716512485311,0.14280438423156738,0.14405929849579416
512,0,1857,3.917909860610962,4.311012622291964,3.7814085483551025,4.166957393794145,0.13650131225585938,0.14405522849781896
512,0,1858,4.293231725692749,4.311003052379908,4.149481296539307,4.166947987929099,0.14375042915344238,0.14405506445080907
512,0,1859,4.415862560272217,4.3110594587854445,4.27234673500061,4.167004684404124,0.14351582527160645,0.14405477438132053
512,0,1860,4.4860265254974365,4.311153527100881,4.35135555267334,4.167103797774161,0.13467097282409668,0.1440497293267199
512,0,1861,4.306765794754028,4.311151169372591,4.163409233093262,4.167101812516407,0.1433565616607666,0.1440493568561847
512,0,1862,4.43634033203125,4.311218403079712,4.292916297912598,4.167169382057436,0.14342403411865234,0.14404902102227626
512,0,1863,4.556576728820801,4.311350103737651,4.420926570892334,4.167305590961802,0.1356501579284668,0.1440445127758491
512,0,1864,4.433471441268921,4.311415619476671,4.297753572463989,4.167375573784497,0.13571786880493164,0.1440400456921737
512,0,1865,3.9385547637939453,4.311215694084884,3.8031959533691406,4.167180303210547,0.1353588104248047,0.14403539087433598
512,0,1866,3.861135721206665,4.3109744936706935,3.7180497646331787,4.166939611603593,0.14308595657348633,0.1440348820671008
512,0,1867,4.387208461761475,4.311015326004968,4.2430620193481445,4.1669803841840665,0.14414644241333008,0.14403494182090168
512,0,1868,4.443787574768066,4.311086403225933,4.300192356109619,4.16705169680287,0.14359521865844727,0.1440347064230631
512,0,1869,4.457825660705566,4.31116491540222,4.314504623413086,4.167130590824598,0.14332103729248047,0.14403432457762136
512,0,1870,4.436389207839966,4.3112318802644864,4.2933349609375,4.167198079792573,0.14305424690246582,0.14403380047191272
512,0,1871,4.499005317687988,4.311332240198973,4.355201005935669,4.167298562382709,0.14380431175231934,0.14403367781626356
512,0,1872,4.555419206619263,4.311462628535735,4.41184139251709,4.167429194236413,0.14357781410217285,0.14403343429932228
512,0,1873,4.483907222747803,4.311554697192549,4.340015649795532,4.167521338633401,0.1438915729522705,0.14403335855914767
512,0,1874,4.488735914230347,4.311649244266742,4.34462571144104,4.167615844702135,0.14411020278930664,0.14403339956460665
512,0,1875,4.434532642364502,4.311714782079061,4.2915191650390625,4.167681926472982,0.14301347732543945,0.1440328556060791
512,0,1876,4.360746383666992,4.311740918327242,4.217503309249878,4.167708483713268,0.14324307441711426,0.1440324346139741
512,0,1877,4.236519813537598,4.311700843151542,4.0938122272491455,4.167669114370453,0.14270758628845215,0.1440317287810889
512,0,1878,4.362199068069458,4.311727732515183,4.218637704849243,4.167696254194989,0.14356136322021484,0.14403147832019386
512,0,1879,4.480910539627075,4.311817771262981,4.3378825187683105,4.1677868269808185,0.14302802085876465,0.14403094428216226
512,0,1880,4.488971471786499,4.311912001954748,4.3461692333221436,4.16788171123951,0.14280223846435547,0.14403029071523787
512,0,1881,4.495876312255859,4.312009803289305,4.352595806121826,4.167979911183626,0.1432805061340332,0.1440298921056785
512,0,1882,4.490755081176758,4.312104779526227,4.346902370452881,4.16807498156581,0.14385271072387695,0.14402979796041718
512,0,1883,4.521329402923584,4.312215891912524,4.378539800643921,4.168186752579659,0.14278960227966309,0.14402913933286499
512,0,1884,4.533528089523315,4.31233336123185,4.389362573623657,4.168304149512273,0.1441655158996582,0.14402921171957772
512,0,1885,4.6555352210998535,4.3125154311840355,4.512109041213989,4.168486539375245,0.14342617988586426,0.1440288918087906
512,0,1886,4.611467361450195,4.312673942281737,4.468692779541016,4.16864571553652,0.1427745819091797,0.14402822674521712
512,0,1887,4.541841506958008,4.312795387732017,4.3981945514678955,4.168767363038339,0.1436469554901123,0.1440280246936776
512,0,1888,4.494113206863403,4.312891424712489,4.350616931915283,4.168863681665922,0.14349627494812012,0.1440277430465666
512,0,1889,4.499536037445068,4.312990230754168,4.3560357093811035,4.168962766910874,0.14350032806396484,0.14402746384329365
512,0,1890,4.433950185775757,4.31305423073037,4.290578126907349,4.169027113662195,0.1433720588684082,0.14402711706817464
512,0,1891,4.488309383392334,4.313146909288097,4.345127105712891,4.169120238988504,0.14318227767944336,0.14402667029959257
512,0,1892,4.491635084152222,4.313241247646904,4.348853588104248,4.169215235473238,0.14278149604797363,0.14402601217366676
512,0,1893,4.47117805480957,4.313324679663366,4.327964782714844,4.1692990968294135,0.14321327209472656,0.1440255828339526
512,0,1894,4.3969032764434814,4.313368807750368,4.253674507141113,4.169343645620497,0.14322876930236816,0.14402516212987043
512,0,1895,4.404962062835693,4.313417141921917,4.261967897415161,4.1693925238536345,0.14299416542053223,0.1440246180682824
512,0,1896,4.4366455078125,4.313482135785783,4.293210506439209,4.16945782869677,0.14343500137329102,0.1440243070890129
512,0,1897,4.293504953384399,4.313471604851465,4.150062322616577,4.169447604392036,0.14344263076782227,0.1440240004594287
512,0,1898,4.325823783874512,4.313478112848842,4.181338548660278,4.169453869378478,0.1444852352142334,0.1440242434703638
512,0,1899,4.412179231643677,4.3135300881615315,4.26818585395813,4.169505860944872,0.14399337768554688,0.1440242272166593
512,0,1900,4.320475816726685,4.3135337438081445,4.177301645278931,4.169509963989258,0.1431741714477539,0.1440237798188862
512,0,1901,4.3053460121154785,4.313529436742551,4.1618053913116455,4.169505911084115,0.143540620803833,0.1440235256584364
512,0,1902,4.329866170883179,4.313538025982372,4.186581611633301,4.169514888844655,0.14328455924987793,0.1440231371377169
512,0,1903,4.412720203399658,4.313590144835456,4.269599676132202,4.169567482006657,0.14312052726745605,0.14402266282879925
512,0,1904,4.485876798629761,4.313680631523373,4.342063665390015,4.169658078741627,0.1438131332397461,0.14402255278174617
512,0,1905,4.505266904830933,4.313781201745581,4.361737012863159,4.169758907578435,0.14352989196777344,0.14402229416714565
512,0,1906,4.455846309661865,4.3138557374790105,4.312488555908203,4.169833791968955,0.1433577537536621,0.14402194551005568
512,0,1907,4.484092473983765,4.313945006874137,4.339817047119141,4.169922928442553,0.14427542686462402,0.14402207843158404
512,0,1908,4.4111833572387695,4.313995970370135,4.267534494400024,4.169974087544207,0.14364886283874512,0.14402188282592743
512,0,1909,4.432056188583374,4.314057814381771,4.2891576290130615,4.170036519991283,0.1428985595703125,0.14402129439048708
512,0,1910,4.518681287765503,4.314164947090348,4.3752429485321045,4.170143957911986,0.14343833923339844,0.14402098917836295
512,0,1911,4.545212268829346,4.314285850974042,4.402172565460205,4.170265375289039,0.14303970336914062,0.14402047568500384
512,0,1912,4.393424034118652,4.314327241237193,4.250279188156128,4.170307223517526,0.14314484596252441,0.14402001771966783
512,0,1913,4.386642217636108,4.314365043106718,4.243690013885498,4.1703455835752195,0.14295220375061035,0.14401945953149792
512,0,1914,4.661520004272461,4.314546419784443,4.518208980560303,4.1705273303866015,0.1433110237121582,0.144019089397841
512,0,1915,4.53126859664917,4.314659590633981,4.387592077255249,4.17064068012387,0.1436765193939209,0.14401891051011048
512,0,1916,4.350328207015991,4.314678206822071,4.206604719161987,4.1706594504991505,0.1437234878540039,0.14401875632292044
512,0,1917,4.442192792892456,4.314744724603015,4.2991509437561035,4.170726477882174,0.14304184913635254,0.14401824672084085
512,0,1918,4.417076110839844,4.314798077776236,4.273698568344116,4.170780165103479,0.14337754249572754,0.14401791267275685
512,0,1919,4.4646501541137695,4.314876166403821,4.320462465286255,4.170858165259905,0.14418768882751465,0.1440180011439162
512,0,1920,4.380422115325928,4.314910304918885,4.237380743026733,4.1708928124358255,0.14304137229919434,0.14401749248305956
512,0,1921,4.40868067741394,4.31495911823096,4.265568256378174,4.17094209689389,0.1431124210357666,0.1440170213370693
512,0,1922,4.372014045715332,4.314988803416956,4.228541612625122,4.170972065424448,0.14347243309020996,0.14401673799250797
512,0,1923,4.42943549156189,4.315048318075378,4.2862513065338135,4.1710320130277285,0.14318418502807617,0.14401630504764867
512,0,1924,4.540704011917114,4.315165602739536,4.397507667541504,4.171149723866873,0.14319634437561035,0.1440158788726632
512,0,1925,4.50219988822937,4.315262763407323,4.358386516571045,4.171246989733213,0.1438133716583252,0.1440157736741103
512,0,1926,4.4066972732543945,4.31531023719229,4.263388395309448,4.171294830546077,0.1433088779449463,0.14401540664621354
512,0,1927,4.385553598403931,4.315346689377662,4.242385149002075,4.171331722252593,0.14316844940185547,0.14401496712506962
512,0,1928,4.43095326423645,4.315406651294083,4.287752151489258,4.171392106292654,0.14320111274719238,0.14401454500142963
512,0,1929,4.441606283187866,4.315472073601959,4.297736167907715,4.171457603473376,0.14387011528015137,0.14401447012858296
512,0,1930,4.40038275718689,4.3155160687748015,4.257497787475586,4.171502183879595,0.1428849697113037,0.1440138848952061
512,0,1931,4.44507360458374,4.315583162268229,4.302204608917236,4.171569870272675,0.1428689956665039,0.14401329199555377
512,0,1932,4.508243560791016,4.315682882971398,4.364302396774292,4.171669628309167,0.14394116401672363,0.1440132546622314
512,0,1933,4.268859148025513,4.31565865962171,4.124409437179565,4.171645179167351,0.14444971084594727,0.14401348045435952
512,0,1934,4.547510147094727,4.315778541466319,4.404310464859009,4.1717654817969745,0.14319968223571777,0.14401305966934472
512,0,1935,4.1906843185424805,4.315713893289098,4.047496795654297,4.171701260253749,0.1431875228881836,0.14401263303534928
512,0,1936,4.398737907409668,4.315756777593911,4.255470514297485,4.171744529496539,0.14326739311218262,0.14401224809737245
512,0,1937,4.483753204345703,4.315843507809066,4.341011047363281,4.171831915411804,0.14274215698242188,0.14401159239726147
512,0,1938,4.365461349487305,4.31586911041055,4.222387075424194,4.17185800166568,0.14307427406311035,0.14401110874487028
512,0,1939,4.456389904022217,4.3159415811653785,4.312928915023804,4.171930756133632,0.14346098899841309,0.14401082503174678
512,0,1940,4.490512847900391,4.316031566354417,4.347677946090698,4.172021347468661,0.14283490180969238,0.14401021888575602
512,0,1941,4.4731903076171875,4.316112534278819,4.329855918884277,4.172102663579643,0.14333438873291016,0.14400987069917548
